   0.00000000E+00   0.00000000E+00
   2.00000000E-01   0.00000000E+00
   4.00000000E-01   0.00000000E+00
   6.00000000E-01   0.00000000E+00
   8.00000000E-01   0.00000000E+00
   1.00000000E+00   0.00000000E+00
   1.20000000E+00   0.00000000E+00
   1.40000000E+00   0.00000000E+00
   1.60000000E+00   0.00000000E+00
   1.80000000E+00   0.00000000E+00
   2.00000000E+00   0.00000000E+00
   2.20000000E+00   0.00000000E+00
   2.40000000E+00   0.00000000E+00
   2.60000000E+00   0.00000000E+00
   2.80000000E+00   0.00000000E+00
   3.00000000E+00   0.00000000E+00
   3.20000000E+00   0.00000000E+00
   3.40000000E+00   0.00000000E+00
   3.60000000E+00   0.00000000E+00
   3.80000000E+00   0.00000000E+00
   4.00000000E+00   0.00000000E+00
   4.20000000E+00   0.00000000E+00
   4.40000000E+00   0.00000000E+00
   4.60000000E+00   0.00000000E+00
   4.80000000E+00   0.00000000E+00
   5.00000000E+00   0.00000000E+00
   5.20000000E+00   0.00000000E+00
   5.40000000E+00   0.00000000E+00
   5.60000000E+00   0.00000000E+00
   5.80000000E+00   0.00000000E+00
   6.00000000E+00   0.00000000E+00
   6.20000000E+00   0.00000000E+00
   6.40000000E+00   0.00000000E+00
   6.60000000E+00   0.00000000E+00
   6.80000000E+00   0.00000000E+00
   7.00000000E+00   0.00000000E+00
   7.20000000E+00   0.00000000E+00
   7.40000000E+00   0.00000000E+00
   7.60000000E+00   0.00000000E+00
   7.80000000E+00   0.00000000E+00
   8.00000000E+00   0.00000000E+00
   8.20000000E+00   0.00000000E+00
   8.40000000E+00   0.00000000E+00
   8.60000000E+00   0.00000000E+00
   8.80000000E+00   0.00000000E+00
   9.00000000E+00   0.00000000E+00
   9.20000000E+00   0.00000000E+00
   9.40000000E+00   0.00000000E+00
   9.60000000E+00   0.00000000E+00
   9.80000000E+00   0.00000000E+00
   1.00000000E+01   0.00000000E+00
   1.02000000E+01   0.00000000E+00
   1.04000000E+01   0.00000000E+00
   1.06000000E+01   0.00000000E+00
   1.08000000E+01   0.00000000E+00
   1.10000000E+01   0.00000000E+00
   1.12000000E+01   0.00000000E+00
   1.14000000E+01   0.00000000E+00
   1.16000000E+01   0.00000000E+00
   1.18000000E+01   0.00000000E+00
   1.20000000E+01   0.00000000E+00
   1.22000000E+01   0.00000000E+00
   1.24000000E+01   0.00000000E+00
   1.26000000E+01   0.00000000E+00
   1.28000000E+01   0.00000000E+00
   1.30000000E+01   0.00000000E+00
   1.32000000E+01   0.00000000E+00
   1.34000000E+01   0.00000000E+00
   1.36000000E+01   0.00000000E+00
   1.38000000E+01   0.00000000E+00
   1.40000000E+01   0.00000000E+00
   1.42000000E+01   0.00000000E+00
   1.44000000E+01   0.00000000E+00
   1.46000000E+01   0.00000000E+00
   1.48000000E+01   0.00000000E+00
   1.50000000E+01   6.04092728E-06
   1.52000000E+01   1.06262697E-04
   1.54000000E+01   5.82238640E-04
   1.56000000E+01   1.68631379E-03
   1.58000000E+01   3.68036842E-03
   1.60000000E+01   6.82694855E-03
   1.62000000E+01   1.13700615E-02
   1.64000000E+01   1.75797828E-02
   1.66000000E+01   2.56883795E-02
   1.68000000E+01   3.59825604E-02
   1.70000000E+01   4.86336309E-02
   1.72000000E+01   6.39109362E-02
   1.74000000E+01   8.20804266E-02
   1.76000000E+01   1.03311073E-01
   1.78000000E+01   1.27739859E-01
   1.80000000E+01   1.55679815E-01
   1.82000000E+01   1.87239588E-01
   1.84000000E+01   2.22592584E-01
   1.86000000E+01   2.61952464E-01
   1.88000000E+01   3.05314901E-01
   1.90000000E+01   3.52843805E-01
   1.92000000E+01   4.04737515E-01
   1.94000000E+01   4.60870395E-01
   1.96000000E+01   5.21395087E-01
   1.98000000E+01   5.86299271E-01
   2.00000000E+01   6.55410168E-01
   2.02000000E+01   7.28977778E-01
   2.04000000E+01   8.06396738E-01
   2.06000000E+01   8.87060774E-01
   2.08000000E+01   9.70564045E-01
   2.10000000E+01   1.05594401E+00
   2.12000000E+01   1.14204271E+00
   2.14000000E+01   1.22805882E+00
   2.16000000E+01   1.31265563E+00
   2.18000000E+01   1.39509736E+00
   2.20000000E+01   1.47427911E+00
   2.22000000E+01   1.54928522E+00
   2.24000000E+01   1.61948788E+00
   2.26000000E+01   1.68399042E+00
   2.28000000E+01   1.74244009E+00
   2.30000000E+01   1.79469074E+00
   2.32000000E+01   1.84035253E+00
   2.34000000E+01   1.87955515E+00
   2.36000000E+01   1.91254578E+00
   2.38000000E+01   1.93961381E+00
   2.40000000E+01   1.96122546E+00
   2.42000000E+01   1.97782261E+00
   2.44000000E+01   1.98963884E+00
   2.46000000E+01   1.99691811E+00
   2.48000000E+01   1.99992692E+00
   2.50000000E+01   1.99887428E+00
   2.52000000E+01   1.99395455E+00
   2.54000000E+01   1.98534940E+00
   2.56000000E+01   1.97318313E+00
   2.58000000E+01   1.95766375E+00
   2.60000000E+01   1.93894244E+00
   2.62000000E+01   1.91705439E+00
   2.64000000E+01   1.89225558E+00
   2.66000000E+01   1.86465577E+00
   2.68000000E+01   1.83431265E+00
   2.70000000E+01   1.80134746E+00
   2.72000000E+01   1.76586729E+00
   2.74000000E+01   1.72798009E+00
   2.76000000E+01   1.68792239E+00
   2.78000000E+01   1.64572301E+00
   2.80000000E+01   1.60142950E+00
   2.82000000E+01   1.55539941E+00
   2.84000000E+01   1.50761430E+00
   2.86000000E+01   1.45840499E+00
   2.88000000E+01   1.40797315E+00
   2.90000000E+01   1.35633579E+00
   2.92000000E+01   1.30384381E+00
   2.94000000E+01   1.25064701E+00
   2.96000000E+01   1.19693786E+00
   2.98000000E+01   1.14292575E+00
   3.00000000E+01   1.08861879E+00
   3.02000000E+01   1.03429275E+00
   3.04000000E+01   9.80222145E-01
   3.06000000E+01   9.26523839E-01
   3.08000000E+01   8.73190807E-01
   3.10000000E+01   8.20413408E-01
   3.12000000E+01   7.68596289E-01
   3.14000000E+01   7.17586541E-01
   3.16000000E+01   6.67669649E-01
   3.18000000E+01   6.18820256E-01
   3.20000000E+01   5.71365346E-01
   3.22000000E+01   5.25359226E-01
   3.24000000E+01   4.80747716E-01
   3.26000000E+01   4.37780766E-01
   3.28000000E+01   3.96397289E-01
   3.30000000E+01   3.56936091E-01
   3.32000000E+01   3.19170158E-01
   3.34000000E+01   2.83430137E-01
   3.36000000E+01   2.49647461E-01
   3.38000000E+01   2.17892005E-01
   3.40000000E+01   1.88191975E-01
   3.42000000E+01   1.60602658E-01
   3.44000000E+01   1.35194228E-01
   3.46000000E+01   1.11961732E-01
   3.48000000E+01   9.09621264E-02
   3.50000000E+01   7.21910019E-02
   3.52000000E+01   5.56025158E-02
   3.54000000E+01   4.12382719E-02
   3.56000000E+01   2.91187499E-02
   3.58000000E+01   1.91886437E-02
   3.60000000E+01   1.14336387E-02
   3.62000000E+01   5.82838093E-03
   3.64000000E+01   2.34202275E-03
   3.66000000E+01   9.87254806E-04
   3.68000000E+01   8.71836000E-04
   3.70000000E+01   9.18722348E-04
   3.72000000E+01   9.02063411E-04
   3.74000000E+01   9.07338466E-04
   3.76000000E+01   9.05746305E-04
   3.78000000E+01   9.06411249E-04
   3.80000000E+01   9.05877151E-04
   3.82000000E+01   9.00300506E-04
   3.84000000E+01   8.99779083E-04
   3.86000000E+01   9.00827012E-04
   3.88000000E+01   8.96037375E-04
   3.90000000E+01   8.93915105E-04
   3.92000000E+01   8.92426164E-04
   3.94000000E+01   8.85654247E-04
   3.96000000E+01   8.81805466E-04
   3.98000000E+01   8.81760484E-04
   4.00000000E+01   8.76153825E-04
   4.02000000E+01   8.70734445E-04
   4.04000000E+01   8.65229058E-04
   4.06000000E+01   8.60676187E-04
   4.08000000E+01   8.51198544E-04
   4.10000000E+01   8.43109295E-04
   4.12000000E+01   8.36177364E-04
   4.14000000E+01   8.26027929E-04
   4.16000000E+01   8.20776938E-04
   4.18000000E+01   8.09697194E-04
   4.20000000E+01   7.98883715E-04
   4.22000000E+01   7.88211175E-04
   4.24000000E+01   7.77386073E-04
   4.26000000E+01   7.66702973E-04
   4.28000000E+01   7.55729124E-04
   4.30000000E+01   7.45576771E-04
   4.32000000E+01   7.33196437E-04
   4.34000000E+01   7.17376694E-04
   4.36000000E+01   7.06803319E-04
   4.38000000E+01   6.90471596E-04
   4.40000000E+01   6.79409539E-04
   4.42000000E+01   6.64860168E-04
   4.44000000E+01   6.48310865E-04
   4.46000000E+01   6.31668691E-04
   4.48000000E+01   6.17928427E-04
   4.50000000E+01   6.06496990E-04
   4.52000000E+01   5.89699791E-04
   4.54000000E+01   5.73635482E-04
   4.56000000E+01   5.57514740E-04
   4.58000000E+01   5.41388763E-04
   4.60000000E+01   5.25213306E-04
   4.62000000E+01   5.09145686E-04
   4.64000000E+01   4.92764960E-04
   4.66000000E+01   4.77445719E-04
   4.68000000E+01   4.58977870E-04
   4.70000000E+01   4.38902457E-04
   4.72000000E+01   4.28393099E-04
   4.74000000E+01   4.06681185E-04
   4.76000000E+01   3.89769601E-04
   4.78000000E+01   3.74066947E-04
   4.80000000E+01   3.57749582E-04
   4.82000000E+01   3.41649338E-04
   4.84000000E+01   3.25653593E-04
   4.86000000E+01   3.09029867E-04
   4.88000000E+01   2.93972379E-04
   4.90000000E+01   2.83272625E-04
   4.92000000E+01   2.67053343E-04
   4.94000000E+01   2.50958137E-04
   4.96000000E+01   2.34078803E-04
   4.98000000E+01   2.22517797E-04
   5.00000000E+01   2.08475336E-04
   5.02000000E+01   1.94497265E-04
   5.04000000E+01   1.82611231E-04
   5.06000000E+01   1.66621256E-04
   5.08000000E+01   1.56403985E-04
   5.10000000E+01   1.45613141E-04
   5.12000000E+01   1.34833040E-04
   5.14000000E+01   1.24094192E-04
   5.16000000E+01   1.13262587E-04
   5.18000000E+01   1.02747470E-04
   5.20000000E+01   9.12649519E-05
   5.22000000E+01   8.26879663E-05
   5.24000000E+01   7.66563751E-05
   5.26000000E+01   6.57115428E-05
   5.28000000E+01   6.05496303E-05
   5.30000000E+01   5.57292908E-05
   5.32000000E+01   4.51406219E-05
   5.34000000E+01   3.79315450E-05
   5.36000000E+01   3.33911646E-05
   5.38000000E+01   2.71230987E-05
   5.40000000E+01   2.39630403E-05
   5.42000000E+01   2.35558239E-05
   5.44000000E+01   1.73924180E-05
   5.46000000E+01   1.21200701E-05
   5.48000000E+01   1.23644920E-05
   5.50000000E+01   0.00000000E+00
   5.52000000E+01   0.00000000E+00
   5.54000000E+01   0.00000000E+00
   5.56000000E+01   0.00000000E+00
   5.58000000E+01   0.00000000E+00
   5.60000000E+01   0.00000000E+00
   5.62000000E+01   0.00000000E+00
   5.64000000E+01   0.00000000E+00
   5.66000000E+01   0.00000000E+00
   5.68000000E+01   0.00000000E+00
   5.70000000E+01   0.00000000E+00
   5.72000000E+01   0.00000000E+00
   5.74000000E+01   0.00000000E+00
   5.76000000E+01   0.00000000E+00
   5.78000000E+01   0.00000000E+00
   5.80000000E+01   0.00000000E+00
   5.82000000E+01   0.00000000E+00
   5.84000000E+01   0.00000000E+00
   5.86000000E+01   0.00000000E+00
   5.88000000E+01   0.00000000E+00
   5.90000000E+01   0.00000000E+00
   5.92000000E+01   0.00000000E+00
   5.94000000E+01   0.00000000E+00
   5.96000000E+01   0.00000000E+00
   5.98000000E+01   0.00000000E+00
   6.00000000E+01   0.00000000E+00
   6.02000000E+01   0.00000000E+00
   6.04000000E+01   0.00000000E+00
   6.06000000E+01   0.00000000E+00
   6.08000000E+01   0.00000000E+00
   6.10000000E+01   0.00000000E+00
   6.12000000E+01   0.00000000E+00
   6.14000000E+01   0.00000000E+00
   6.16000000E+01   0.00000000E+00
   6.18000000E+01   0.00000000E+00
   6.20000000E+01   0.00000000E+00
   6.22000000E+01   0.00000000E+00
   6.24000000E+01   0.00000000E+00
   6.26000000E+01   0.00000000E+00
   6.28000000E+01   0.00000000E+00
   6.30000000E+01   0.00000000E+00
   6.32000000E+01   0.00000000E+00
   6.34000000E+01   0.00000000E+00
   6.36000000E+01   0.00000000E+00
   6.38000000E+01   0.00000000E+00
   6.40000000E+01   0.00000000E+00
   6.42000000E+01   0.00000000E+00
   6.44000000E+01   0.00000000E+00
   6.46000000E+01   0.00000000E+00
   6.48000000E+01   0.00000000E+00
   6.50000000E+01   0.00000000E+00
   6.52000000E+01   0.00000000E+00
   6.54000000E+01   0.00000000E+00
   6.56000000E+01   0.00000000E+00
   6.58000000E+01   0.00000000E+00
   6.60000000E+01   0.00000000E+00
   6.62000000E+01   0.00000000E+00
   6.64000000E+01   0.00000000E+00
   6.66000000E+01   0.00000000E+00
   6.68000000E+01   0.00000000E+00
   6.70000000E+01   0.00000000E+00
   6.72000000E+01   0.00000000E+00
   6.74000000E+01   0.00000000E+00
   6.76000000E+01   0.00000000E+00
   6.78000000E+01   0.00000000E+00
   6.80000000E+01   0.00000000E+00
   6.82000000E+01   0.00000000E+00
   6.84000000E+01   0.00000000E+00
   6.86000000E+01   0.00000000E+00
   6.88000000E+01   0.00000000E+00
   6.90000000E+01   0.00000000E+00
   6.92000000E+01   0.00000000E+00
   6.94000000E+01   0.00000000E+00
   6.96000000E+01   0.00000000E+00
   6.98000000E+01   0.00000000E+00
   7.00000000E+01   0.00000000E+00
   7.02000000E+01   0.00000000E+00
   7.04000000E+01   0.00000000E+00
   7.06000000E+01   0.00000000E+00
   7.08000000E+01   0.00000000E+00
   7.10000000E+01   0.00000000E+00
   7.12000000E+01   0.00000000E+00
   7.14000000E+01   0.00000000E+00
   7.16000000E+01   0.00000000E+00
   7.18000000E+01   0.00000000E+00
   7.20000000E+01   0.00000000E+00
   7.22000000E+01   0.00000000E+00
   7.24000000E+01   0.00000000E+00
   7.26000000E+01   0.00000000E+00
   7.28000000E+01   0.00000000E+00
   7.30000000E+01   0.00000000E+00
   7.32000000E+01   0.00000000E+00
   7.34000000E+01   0.00000000E+00
   7.36000000E+01   0.00000000E+00
   7.38000000E+01   0.00000000E+00
   7.40000000E+01   0.00000000E+00
   7.42000000E+01   0.00000000E+00
   7.44000000E+01   0.00000000E+00
   7.46000000E+01   0.00000000E+00
   7.48000000E+01   0.00000000E+00
   7.50000000E+01   0.00000000E+00
   7.52000000E+01   0.00000000E+00
   7.54000000E+01   0.00000000E+00
   7.56000000E+01   0.00000000E+00
   7.58000000E+01   0.00000000E+00
   7.60000000E+01   0.00000000E+00
   7.62000000E+01   0.00000000E+00
   7.64000000E+01   0.00000000E+00
   7.66000000E+01   0.00000000E+00
   7.68000000E+01   0.00000000E+00
   7.70000000E+01   0.00000000E+00
   7.72000000E+01   0.00000000E+00
   7.74000000E+01   0.00000000E+00
   7.76000000E+01   0.00000000E+00
   7.78000000E+01   0.00000000E+00
   7.80000000E+01   0.00000000E+00
   7.82000000E+01   0.00000000E+00
   7.84000000E+01   0.00000000E+00
   7.86000000E+01   0.00000000E+00
   7.88000000E+01   0.00000000E+00
   7.90000000E+01   0.00000000E+00
   7.92000000E+01   0.00000000E+00
   7.94000000E+01   0.00000000E+00
   7.96000000E+01   0.00000000E+00
   7.98000000E+01   0.00000000E+00
   8.00000000E+01   0.00000000E+00
   8.02000000E+01   0.00000000E+00
   8.04000000E+01   0.00000000E+00
   8.06000000E+01   0.00000000E+00
   8.08000000E+01   0.00000000E+00
   8.10000000E+01   0.00000000E+00
   8.12000000E+01   0.00000000E+00
   8.14000000E+01   0.00000000E+00
   8.16000000E+01   0.00000000E+00
   8.18000000E+01   0.00000000E+00
   8.20000000E+01   0.00000000E+00
   8.22000000E+01   0.00000000E+00
   8.24000000E+01   0.00000000E+00
   8.26000000E+01   0.00000000E+00
   8.28000000E+01   0.00000000E+00
   8.30000000E+01   0.00000000E+00
   8.32000000E+01   0.00000000E+00
   8.34000000E+01   0.00000000E+00
   8.36000000E+01   0.00000000E+00
   8.38000000E+01   0.00000000E+00
   8.40000000E+01   0.00000000E+00
   8.42000000E+01   0.00000000E+00
   8.44000000E+01   0.00000000E+00
   8.46000000E+01   0.00000000E+00
   8.48000000E+01   0.00000000E+00
   8.50000000E+01   0.00000000E+00
   8.52000000E+01   0.00000000E+00
   8.54000000E+01   0.00000000E+00
   8.56000000E+01   0.00000000E+00
   8.58000000E+01   0.00000000E+00
   8.60000000E+01   0.00000000E+00
   8.62000000E+01   0.00000000E+00
   8.64000000E+01   0.00000000E+00
   8.66000000E+01   0.00000000E+00
   8.68000000E+01   0.00000000E+00
   8.70000000E+01   0.00000000E+00
   8.72000000E+01   0.00000000E+00
   8.74000000E+01   0.00000000E+00
   8.76000000E+01   0.00000000E+00
   8.78000000E+01   0.00000000E+00
   8.80000000E+01   0.00000000E+00
   8.82000000E+01   0.00000000E+00
   8.84000000E+01   0.00000000E+00
   8.86000000E+01   0.00000000E+00
   8.88000000E+01   0.00000000E+00
   8.90000000E+01   0.00000000E+00
   8.92000000E+01   0.00000000E+00
   8.94000000E+01   0.00000000E+00
   8.96000000E+01   0.00000000E+00
   8.98000000E+01   0.00000000E+00
   9.00000000E+01   0.00000000E+00
   9.02000000E+01   0.00000000E+00
   9.04000000E+01   0.00000000E+00
   9.06000000E+01   0.00000000E+00
   9.08000000E+01   0.00000000E+00
   9.10000000E+01   0.00000000E+00
   9.12000000E+01   0.00000000E+00
   9.14000000E+01   0.00000000E+00
   9.16000000E+01   0.00000000E+00
   9.18000000E+01   0.00000000E+00
   9.20000000E+01   0.00000000E+00
   9.22000000E+01   0.00000000E+00
   9.24000000E+01   0.00000000E+00
   9.26000000E+01   0.00000000E+00
   9.28000000E+01   0.00000000E+00
   9.30000000E+01   0.00000000E+00
   9.32000000E+01   0.00000000E+00
   9.34000000E+01   0.00000000E+00
   9.36000000E+01   0.00000000E+00
   9.38000000E+01   0.00000000E+00
   9.40000000E+01   0.00000000E+00
   9.42000000E+01   0.00000000E+00
   9.44000000E+01   0.00000000E+00
   9.46000000E+01   0.00000000E+00
   9.48000000E+01   0.00000000E+00
   9.50000000E+01   0.00000000E+00
   9.52000000E+01   0.00000000E+00
   9.54000000E+01   0.00000000E+00
   9.56000000E+01   0.00000000E+00
   9.58000000E+01   0.00000000E+00
   9.60000000E+01   0.00000000E+00
   9.62000000E+01   0.00000000E+00
   9.64000000E+01   0.00000000E+00
   9.66000000E+01   0.00000000E+00
   9.68000000E+01   0.00000000E+00
   9.70000000E+01   0.00000000E+00
   9.72000000E+01   0.00000000E+00
   9.74000000E+01   0.00000000E+00
   9.76000000E+01   0.00000000E+00
   9.78000000E+01   0.00000000E+00
   9.80000000E+01   0.00000000E+00
   9.82000000E+01   0.00000000E+00
   9.84000000E+01   0.00000000E+00
   9.86000000E+01   0.00000000E+00
   9.88000000E+01   0.00000000E+00
   9.90000000E+01   0.00000000E+00
   9.92000000E+01   0.00000000E+00
   9.94000000E+01   0.00000000E+00
   9.96000000E+01   0.00000000E+00
   9.98000000E+01   0.00000000E+00
   1.00000000E+02   0.00000000E+00
   1.00200000E+02   0.00000000E+00
   1.00400000E+02   0.00000000E+00
   1.00600000E+02   0.00000000E+00
   1.00800000E+02   0.00000000E+00
   1.01000000E+02   0.00000000E+00
   1.01200000E+02   0.00000000E+00
   1.01400000E+02   0.00000000E+00
   1.01600000E+02   0.00000000E+00
   1.01800000E+02   0.00000000E+00
   1.02000000E+02   0.00000000E+00
   1.02200000E+02   0.00000000E+00
   1.02400000E+02   0.00000000E+00
   1.02600000E+02   0.00000000E+00
   1.02800000E+02   0.00000000E+00
   1.03000000E+02   0.00000000E+00
   1.03200000E+02   0.00000000E+00
   1.03400000E+02   0.00000000E+00
   1.03600000E+02   0.00000000E+00
   1.03800000E+02   0.00000000E+00
   1.04000000E+02   0.00000000E+00
   1.04200000E+02   0.00000000E+00
   1.04400000E+02   0.00000000E+00
   1.04600000E+02   0.00000000E+00
   1.04800000E+02   0.00000000E+00
   1.05000000E+02   0.00000000E+00
   1.05200000E+02   0.00000000E+00
   1.05400000E+02   0.00000000E+00
   1.05600000E+02   0.00000000E+00
   1.05800000E+02   0.00000000E+00
   1.06000000E+02   0.00000000E+00
   1.06200000E+02   0.00000000E+00
   1.06400000E+02   0.00000000E+00
   1.06600000E+02   0.00000000E+00
   1.06800000E+02   0.00000000E+00
   1.07000000E+02   0.00000000E+00
   1.07200000E+02   0.00000000E+00
   1.07400000E+02   0.00000000E+00
   1.07600000E+02   0.00000000E+00
   1.07800000E+02   0.00000000E+00
   1.08000000E+02   0.00000000E+00
   1.08200000E+02   0.00000000E+00
   1.08400000E+02   0.00000000E+00
   1.08600000E+02   0.00000000E+00
   1.08800000E+02   0.00000000E+00
   1.09000000E+02   0.00000000E+00
   1.09200000E+02   0.00000000E+00
   1.09400000E+02   0.00000000E+00
   1.09600000E+02   0.00000000E+00
   1.09800000E+02   0.00000000E+00
   1.10000000E+02   0.00000000E+00
   1.10200000E+02   0.00000000E+00
   1.10400000E+02   0.00000000E+00
   1.10600000E+02   0.00000000E+00
   1.10800000E+02   0.00000000E+00
   1.11000000E+02   0.00000000E+00
   1.11200000E+02   0.00000000E+00
   1.11400000E+02   0.00000000E+00
   1.11600000E+02   0.00000000E+00
   1.11800000E+02   0.00000000E+00
   1.12000000E+02   0.00000000E+00
   1.12200000E+02   0.00000000E+00
   1.12400000E+02   0.00000000E+00
   1.12600000E+02   0.00000000E+00
   1.12800000E+02   0.00000000E+00
   1.13000000E+02   0.00000000E+00
   1.13200000E+02   0.00000000E+00
   1.13400000E+02   0.00000000E+00
   1.13600000E+02   0.00000000E+00
   1.13800000E+02   0.00000000E+00
   1.14000000E+02   0.00000000E+00
   1.14200000E+02   0.00000000E+00
   1.14400000E+02   0.00000000E+00
   1.14600000E+02   0.00000000E+00
   1.14800000E+02   0.00000000E+00
   1.15000000E+02   0.00000000E+00
   1.15200000E+02   0.00000000E+00
   1.15400000E+02   0.00000000E+00
   1.15600000E+02   0.00000000E+00
   1.15800000E+02   0.00000000E+00
   1.16000000E+02   0.00000000E+00
   1.16200000E+02   0.00000000E+00
   1.16400000E+02   0.00000000E+00
   1.16600000E+02   0.00000000E+00
   1.16800000E+02   0.00000000E+00
   1.17000000E+02   0.00000000E+00
   1.17200000E+02   0.00000000E+00
   1.17400000E+02   0.00000000E+00
   1.17600000E+02   0.00000000E+00
   1.17800000E+02   0.00000000E+00
   1.18000000E+02   0.00000000E+00
   1.18200000E+02   0.00000000E+00
   1.18400000E+02   0.00000000E+00
   1.18600000E+02   0.00000000E+00
   1.18800000E+02   0.00000000E+00
   1.19000000E+02   0.00000000E+00
   1.19200000E+02   0.00000000E+00
   1.19400000E+02   0.00000000E+00
   1.19600000E+02   0.00000000E+00
   1.19800000E+02   0.00000000E+00
   1.20000000E+02   0.00000000E+00
   1.20200000E+02   0.00000000E+00
   1.20400000E+02   0.00000000E+00
   1.20600000E+02   0.00000000E+00
   1.20800000E+02   0.00000000E+00
   1.21000000E+02   0.00000000E+00
   1.21200000E+02   0.00000000E+00
   1.21400000E+02   0.00000000E+00
   1.21600000E+02   0.00000000E+00
   1.21800000E+02   0.00000000E+00
   1.22000000E+02   0.00000000E+00
   1.22200000E+02   0.00000000E+00
   1.22400000E+02   0.00000000E+00
   1.22600000E+02   0.00000000E+00
   1.22800000E+02   0.00000000E+00
   1.23000000E+02   0.00000000E+00
   1.23200000E+02   0.00000000E+00
   1.23400000E+02   0.00000000E+00
   1.23600000E+02   0.00000000E+00
   1.23800000E+02   0.00000000E+00
   1.24000000E+02   0.00000000E+00
   1.24200000E+02   0.00000000E+00
   1.24400000E+02   0.00000000E+00
   1.24600000E+02   0.00000000E+00
   1.24800000E+02   0.00000000E+00
   1.25000000E+02   0.00000000E+00
   1.25200000E+02   0.00000000E+00
   1.25400000E+02   0.00000000E+00
   1.25600000E+02   0.00000000E+00
   1.25800000E+02   0.00000000E+00
   1.26000000E+02   0.00000000E+00
   1.26200000E+02   0.00000000E+00
   1.26400000E+02   0.00000000E+00
   1.26600000E+02   0.00000000E+00
   1.26800000E+02   0.00000000E+00
   1.27000000E+02   0.00000000E+00
   1.27200000E+02   0.00000000E+00
   1.27400000E+02   0.00000000E+00
   1.27600000E+02   0.00000000E+00
   1.27800000E+02   0.00000000E+00
   1.28000000E+02   0.00000000E+00
   1.28200000E+02   0.00000000E+00
   1.28400000E+02   0.00000000E+00
   1.28600000E+02   0.00000000E+00
   1.28800000E+02   0.00000000E+00
   1.29000000E+02   0.00000000E+00
   1.29200000E+02   0.00000000E+00
   1.29400000E+02   0.00000000E+00
   1.29600000E+02   0.00000000E+00
   1.29800000E+02   0.00000000E+00
   1.30000000E+02   0.00000000E+00
   1.30200000E+02   0.00000000E+00
   1.30400000E+02   0.00000000E+00
   1.30600000E+02   0.00000000E+00
   1.30800000E+02   0.00000000E+00
   1.31000000E+02   0.00000000E+00
   1.31200000E+02   0.00000000E+00
   1.31400000E+02   0.00000000E+00
   1.31600000E+02   0.00000000E+00
   1.31800000E+02   0.00000000E+00
   1.32000000E+02   0.00000000E+00
   1.32200000E+02   0.00000000E+00
   1.32400000E+02   0.00000000E+00
   1.32600000E+02   0.00000000E+00
   1.32800000E+02   0.00000000E+00
   1.33000000E+02   0.00000000E+00
   1.33200000E+02   0.00000000E+00
   1.33400000E+02   0.00000000E+00
   1.33600000E+02   0.00000000E+00
   1.33800000E+02   0.00000000E+00
   1.34000000E+02   0.00000000E+00
   1.34200000E+02   0.00000000E+00
   1.34400000E+02   0.00000000E+00
   1.34600000E+02   0.00000000E+00
   1.34800000E+02   0.00000000E+00
   1.35000000E+02   0.00000000E+00
   1.35200000E+02   0.00000000E+00
   1.35400000E+02   0.00000000E+00
   1.35600000E+02   0.00000000E+00
   1.35800000E+02   0.00000000E+00
   1.36000000E+02   0.00000000E+00
   1.36200000E+02   0.00000000E+00
   1.36400000E+02   0.00000000E+00
   1.36600000E+02   0.00000000E+00
   1.36800000E+02   0.00000000E+00
   1.37000000E+02   0.00000000E+00
   1.37200000E+02   0.00000000E+00
   1.37400000E+02   0.00000000E+00
   1.37600000E+02   0.00000000E+00
   1.37800000E+02   0.00000000E+00
   1.38000000E+02   0.00000000E+00
   1.38200000E+02   0.00000000E+00
   1.38400000E+02   0.00000000E+00
   1.38600000E+02   0.00000000E+00
   1.38800000E+02   0.00000000E+00
   1.39000000E+02   0.00000000E+00
   1.39200000E+02   0.00000000E+00
   1.39400000E+02   0.00000000E+00
   1.39600000E+02   0.00000000E+00
   1.39800000E+02   0.00000000E+00
   1.40000000E+02   0.00000000E+00
   1.40200000E+02   0.00000000E+00
   1.40400000E+02   0.00000000E+00
   1.40600000E+02   0.00000000E+00
   1.40800000E+02   0.00000000E+00
   1.41000000E+02   0.00000000E+00
   1.41200000E+02   0.00000000E+00
   1.41400000E+02   0.00000000E+00
   1.41600000E+02   0.00000000E+00
   1.41800000E+02   0.00000000E+00
   1.42000000E+02   0.00000000E+00
   1.42200000E+02   0.00000000E+00
   1.42400000E+02   0.00000000E+00
   1.42600000E+02   0.00000000E+00
   1.42800000E+02   0.00000000E+00
   1.43000000E+02   0.00000000E+00
   1.43200000E+02   0.00000000E+00
   1.43400000E+02   0.00000000E+00
   1.43600000E+02   0.00000000E+00
   1.43800000E+02   0.00000000E+00
   1.44000000E+02   0.00000000E+00
   1.44200000E+02   0.00000000E+00
   1.44400000E+02   0.00000000E+00
   1.44600000E+02   0.00000000E+00
   1.44800000E+02   0.00000000E+00
   1.45000000E+02   0.00000000E+00
   1.45200000E+02   0.00000000E+00
   1.45400000E+02   0.00000000E+00
   1.45600000E+02   0.00000000E+00
   1.45800000E+02   0.00000000E+00
   1.46000000E+02   0.00000000E+00
   1.46200000E+02   0.00000000E+00
   1.46400000E+02   0.00000000E+00
   1.46600000E+02   0.00000000E+00
   1.46800000E+02   0.00000000E+00
   1.47000000E+02   0.00000000E+00
   1.47200000E+02   0.00000000E+00
   1.47400000E+02   0.00000000E+00
   1.47600000E+02   0.00000000E+00
   1.47800000E+02   0.00000000E+00
   1.48000000E+02   0.00000000E+00
   1.48200000E+02   0.00000000E+00
   1.48400000E+02   0.00000000E+00
   1.48600000E+02   0.00000000E+00
   1.48800000E+02   0.00000000E+00
   1.49000000E+02   0.00000000E+00
   1.49200000E+02   0.00000000E+00
   1.49400000E+02   0.00000000E+00
   1.49600000E+02   0.00000000E+00
   1.49800000E+02   0.00000000E+00
   1.50000000E+02   0.00000000E+00
   1.50200000E+02   0.00000000E+00
   1.50400000E+02   0.00000000E+00
   1.50600000E+02   0.00000000E+00
   1.50800000E+02   0.00000000E+00
   1.51000000E+02   0.00000000E+00
   1.51200000E+02   0.00000000E+00
   1.51400000E+02   0.00000000E+00
   1.51600000E+02   0.00000000E+00
   1.51800000E+02   0.00000000E+00
   1.52000000E+02   0.00000000E+00
   1.52200000E+02   0.00000000E+00
   1.52400000E+02   0.00000000E+00
   1.52600000E+02   0.00000000E+00
   1.52800000E+02   0.00000000E+00
   1.53000000E+02   0.00000000E+00
   1.53200000E+02   0.00000000E+00
   1.53400000E+02   0.00000000E+00
   1.53600000E+02   0.00000000E+00
   1.53800000E+02   0.00000000E+00
   1.54000000E+02   0.00000000E+00
   1.54200000E+02   0.00000000E+00
   1.54400000E+02   0.00000000E+00
   1.54600000E+02   0.00000000E+00
   1.54800000E+02   0.00000000E+00
   1.55000000E+02   0.00000000E+00
   1.55200000E+02   0.00000000E+00
   1.55400000E+02   0.00000000E+00
   1.55600000E+02   0.00000000E+00
   1.55800000E+02   0.00000000E+00
   1.56000000E+02   0.00000000E+00
   1.56200000E+02   0.00000000E+00
   1.56400000E+02   0.00000000E+00
   1.56600000E+02   0.00000000E+00
   1.56800000E+02   0.00000000E+00
   1.57000000E+02   0.00000000E+00
   1.57200000E+02   0.00000000E+00
   1.57400000E+02   0.00000000E+00
   1.57600000E+02   0.00000000E+00
   1.57800000E+02   0.00000000E+00
   1.58000000E+02   0.00000000E+00
   1.58200000E+02   0.00000000E+00
   1.58400000E+02   0.00000000E+00
   1.58600000E+02   0.00000000E+00
   1.58800000E+02   0.00000000E+00
   1.59000000E+02   0.00000000E+00
   1.59200000E+02   0.00000000E+00
   1.59400000E+02   0.00000000E+00
   1.59600000E+02   0.00000000E+00
   1.59800000E+02   0.00000000E+00
   1.60000000E+02   0.00000000E+00
   1.60200000E+02   0.00000000E+00
   1.60400000E+02   0.00000000E+00
   1.60600000E+02   0.00000000E+00
   1.60800000E+02   0.00000000E+00
   1.61000000E+02   0.00000000E+00
   1.61200000E+02   0.00000000E+00
   1.61400000E+02   0.00000000E+00
   1.61600000E+02   0.00000000E+00
   1.61800000E+02   0.00000000E+00
   1.62000000E+02   0.00000000E+00
   1.62200000E+02   0.00000000E+00
   1.62400000E+02   0.00000000E+00
   1.62600000E+02   0.00000000E+00
   1.62800000E+02   0.00000000E+00
   1.63000000E+02   0.00000000E+00
   1.63200000E+02   0.00000000E+00
   1.63400000E+02   0.00000000E+00
   1.63600000E+02   0.00000000E+00
   1.63800000E+02   0.00000000E+00
   1.64000000E+02   0.00000000E+00
   1.64200000E+02   0.00000000E+00
   1.64400000E+02   0.00000000E+00
   1.64600000E+02   0.00000000E+00
   1.64800000E+02   0.00000000E+00
   1.65000000E+02   0.00000000E+00
   1.65200000E+02   0.00000000E+00
   1.65400000E+02   0.00000000E+00
   1.65600000E+02   0.00000000E+00
   1.65800000E+02   0.00000000E+00
   1.66000000E+02   0.00000000E+00
   1.66200000E+02   0.00000000E+00
   1.66400000E+02   0.00000000E+00
   1.66600000E+02   0.00000000E+00
   1.66800000E+02   0.00000000E+00
   1.67000000E+02   0.00000000E+00
   1.67200000E+02   0.00000000E+00
   1.67400000E+02   0.00000000E+00
   1.67600000E+02   0.00000000E+00
   1.67800000E+02   0.00000000E+00
   1.68000000E+02   0.00000000E+00
   1.68200000E+02   0.00000000E+00
   1.68400000E+02   0.00000000E+00
   1.68600000E+02   0.00000000E+00
   1.68800000E+02   0.00000000E+00
   1.69000000E+02   0.00000000E+00
   1.69200000E+02   0.00000000E+00
   1.69400000E+02   0.00000000E+00
   1.69600000E+02   0.00000000E+00
   1.69800000E+02   0.00000000E+00
   1.70000000E+02   0.00000000E+00
   1.70200000E+02   0.00000000E+00
   1.70400000E+02   0.00000000E+00
   1.70600000E+02   0.00000000E+00
   1.70800000E+02   0.00000000E+00
   1.71000000E+02   0.00000000E+00
   1.71200000E+02   0.00000000E+00
   1.71400000E+02   0.00000000E+00
   1.71600000E+02   0.00000000E+00
   1.71800000E+02   0.00000000E+00
   1.72000000E+02   0.00000000E+00
   1.72200000E+02   0.00000000E+00
   1.72400000E+02   0.00000000E+00
   1.72600000E+02   0.00000000E+00
   1.72800000E+02   0.00000000E+00
   1.73000000E+02   0.00000000E+00
   1.73200000E+02   0.00000000E+00
   1.73400000E+02   0.00000000E+00
   1.73600000E+02   0.00000000E+00
   1.73800000E+02   0.00000000E+00
   1.74000000E+02   0.00000000E+00
   1.74200000E+02   0.00000000E+00
   1.74400000E+02   0.00000000E+00
   1.74600000E+02   0.00000000E+00
   1.74800000E+02   0.00000000E+00
   1.75000000E+02   0.00000000E+00
   1.75200000E+02   0.00000000E+00
   1.75400000E+02   0.00000000E+00
   1.75600000E+02   0.00000000E+00
   1.75800000E+02   0.00000000E+00
   1.76000000E+02   0.00000000E+00
   1.76200000E+02   0.00000000E+00
   1.76400000E+02   0.00000000E+00
   1.76600000E+02   0.00000000E+00
   1.76800000E+02   0.00000000E+00
   1.77000000E+02   0.00000000E+00
   1.77200000E+02   0.00000000E+00
   1.77400000E+02   0.00000000E+00
   1.77600000E+02   0.00000000E+00
   1.77800000E+02   0.00000000E+00
   1.78000000E+02   0.00000000E+00
   1.78200000E+02   0.00000000E+00
   1.78400000E+02   0.00000000E+00
   1.78600000E+02   0.00000000E+00
   1.78800000E+02   0.00000000E+00
   1.79000000E+02   0.00000000E+00
   1.79200000E+02   0.00000000E+00
   1.79400000E+02   0.00000000E+00
   1.79600000E+02   0.00000000E+00
   1.79800000E+02   0.00000000E+00
   1.80000000E+02   0.00000000E+00
   1.80200000E+02   0.00000000E+00
   1.80400000E+02   0.00000000E+00
   1.80600000E+02   0.00000000E+00
   1.80800000E+02   0.00000000E+00
   1.81000000E+02   0.00000000E+00
   1.81200000E+02   0.00000000E+00
   1.81400000E+02   0.00000000E+00
   1.81600000E+02   0.00000000E+00
   1.81800000E+02   0.00000000E+00
   1.82000000E+02   0.00000000E+00
   1.82200000E+02   0.00000000E+00
   1.82400000E+02   0.00000000E+00
   1.82600000E+02   0.00000000E+00
   1.82800000E+02   0.00000000E+00
   1.83000000E+02   0.00000000E+00
   1.83200000E+02   0.00000000E+00
   1.83400000E+02   0.00000000E+00
   1.83600000E+02   0.00000000E+00
   1.83800000E+02   0.00000000E+00
   1.84000000E+02   0.00000000E+00
   1.84200000E+02   0.00000000E+00
   1.84400000E+02   0.00000000E+00
   1.84600000E+02   0.00000000E+00
   1.84800000E+02   0.00000000E+00
   1.85000000E+02   0.00000000E+00
   1.85200000E+02   0.00000000E+00
   1.85400000E+02   0.00000000E+00
   1.85600000E+02   0.00000000E+00
   1.85800000E+02   0.00000000E+00
   1.86000000E+02   0.00000000E+00
   1.86200000E+02   0.00000000E+00
   1.86400000E+02   0.00000000E+00
   1.86600000E+02   0.00000000E+00
   1.86800000E+02   0.00000000E+00
   1.87000000E+02   0.00000000E+00
   1.87200000E+02   0.00000000E+00
   1.87400000E+02   0.00000000E+00
   1.87600000E+02   0.00000000E+00
   1.87800000E+02   0.00000000E+00
   1.88000000E+02   0.00000000E+00
   1.88200000E+02   0.00000000E+00
   1.88400000E+02   0.00000000E+00
   1.88600000E+02   0.00000000E+00
   1.88800000E+02   0.00000000E+00
   1.89000000E+02   0.00000000E+00
   1.89200000E+02   0.00000000E+00
   1.89400000E+02   0.00000000E+00
   1.89600000E+02   0.00000000E+00
   1.89800000E+02   0.00000000E+00
   1.90000000E+02   0.00000000E+00
   1.90200000E+02   0.00000000E+00
   1.90400000E+02   0.00000000E+00
   1.90600000E+02   0.00000000E+00
   1.90800000E+02   0.00000000E+00
   1.91000000E+02   0.00000000E+00
   1.91200000E+02   0.00000000E+00
   1.91400000E+02   0.00000000E+00
   1.91600000E+02   0.00000000E+00
   1.91800000E+02   0.00000000E+00
   1.92000000E+02   0.00000000E+00
   1.92200000E+02   0.00000000E+00
   1.92400000E+02   0.00000000E+00
   1.92600000E+02   0.00000000E+00
   1.92800000E+02   0.00000000E+00
   1.93000000E+02   0.00000000E+00
   1.93200000E+02   0.00000000E+00
   1.93400000E+02   0.00000000E+00
   1.93600000E+02   0.00000000E+00
   1.93800000E+02   0.00000000E+00
   1.94000000E+02   0.00000000E+00
   1.94200000E+02   0.00000000E+00
   1.94400000E+02   0.00000000E+00
   1.94600000E+02   0.00000000E+00
   1.94800000E+02   0.00000000E+00
   1.95000000E+02   0.00000000E+00
   1.95200000E+02   0.00000000E+00
   1.95400000E+02   0.00000000E+00
   1.95600000E+02   0.00000000E+00
   1.95800000E+02   0.00000000E+00
   1.96000000E+02   0.00000000E+00
   1.96200000E+02   0.00000000E+00
   1.96400000E+02   0.00000000E+00
   1.96600000E+02   0.00000000E+00
   1.96800000E+02   0.00000000E+00
   1.97000000E+02   0.00000000E+00
   1.97200000E+02   0.00000000E+00
   1.97400000E+02   0.00000000E+00
   1.97600000E+02   0.00000000E+00
   1.97800000E+02   0.00000000E+00
   1.98000000E+02   0.00000000E+00
   1.98200000E+02   0.00000000E+00
   1.98400000E+02   0.00000000E+00
   1.98600000E+02   0.00000000E+00
   1.98800000E+02   0.00000000E+00
   1.99000000E+02   0.00000000E+00
   1.99200000E+02   0.00000000E+00
   1.99400000E+02   0.00000000E+00
   1.99600000E+02   0.00000000E+00
   1.99800000E+02   0.00000000E+00
   2.00000000E+02   0.00000000E+00
   2.00200000E+02   0.00000000E+00
   2.00400000E+02   0.00000000E+00
   2.00600000E+02   0.00000000E+00
   2.00800000E+02   0.00000000E+00
   2.01000000E+02   0.00000000E+00
   2.01200000E+02   0.00000000E+00
   2.01400000E+02   0.00000000E+00
   2.01600000E+02   0.00000000E+00
   2.01800000E+02   0.00000000E+00
   2.02000000E+02   0.00000000E+00
   2.02200000E+02   0.00000000E+00
   2.02400000E+02   0.00000000E+00
   2.02600000E+02   0.00000000E+00
   2.02800000E+02   0.00000000E+00
   2.03000000E+02   0.00000000E+00
   2.03200000E+02   0.00000000E+00
   2.03400000E+02   0.00000000E+00
   2.03600000E+02   0.00000000E+00
   2.03800000E+02   0.00000000E+00
   2.04000000E+02   0.00000000E+00
   2.04200000E+02   0.00000000E+00
   2.04400000E+02   0.00000000E+00
   2.04600000E+02   0.00000000E+00
