   0.00000000E+00   0.00000000E+00   0.00000000E+00   0.00000000E+00
   2.00000000E-01   0.00000000E+00   0.00000000E+00   0.00000000E+00
   4.00000000E-01   0.00000000E+00   0.00000000E+00   0.00000000E+00
   6.00000000E-01   0.00000000E+00   0.00000000E+00   0.00000000E+00
   8.00000000E-01   0.00000000E+00   0.00000000E+00   0.00000000E+00
   1.00000000E+00   0.00000000E+00   0.00000000E+00   0.00000000E+00
   1.20000000E+00   0.00000000E+00   0.00000000E+00   0.00000000E+00
   1.40000000E+00   0.00000000E+00   0.00000000E+00   0.00000000E+00
   1.60000000E+00   0.00000000E+00   0.00000000E+00   0.00000000E+00
   1.80000000E+00   0.00000000E+00   0.00000000E+00   0.00000000E+00
   2.00000000E+00   0.00000000E+00   0.00000000E+00   0.00000000E+00
   2.20000000E+00   0.00000000E+00   0.00000000E+00   0.00000000E+00
   2.40000000E+00   0.00000000E+00   0.00000000E+00   0.00000000E+00
   2.60000000E+00   0.00000000E+00   0.00000000E+00   0.00000000E+00
   2.80000000E+00   0.00000000E+00   0.00000000E+00   0.00000000E+00
   3.00000000E+00   0.00000000E+00   0.00000000E+00   0.00000000E+00
   3.20000000E+00   0.00000000E+00   0.00000000E+00   0.00000000E+00
   3.40000000E+00   0.00000000E+00   0.00000000E+00   0.00000000E+00
   3.60000000E+00   0.00000000E+00   0.00000000E+00   0.00000000E+00
   3.80000000E+00   0.00000000E+00   0.00000000E+00   0.00000000E+00
   4.00000000E+00   0.00000000E+00   0.00000000E+00   0.00000000E+00
   4.20000000E+00   0.00000000E+00   0.00000000E+00   0.00000000E+00
   4.40000000E+00   0.00000000E+00   0.00000000E+00   0.00000000E+00
   4.60000000E+00   0.00000000E+00   0.00000000E+00   0.00000000E+00
   4.80000000E+00   0.00000000E+00   0.00000000E+00   0.00000000E+00
   5.00000000E+00   0.00000000E+00   0.00000000E+00   0.00000000E+00
   5.20000000E+00   0.00000000E+00   0.00000000E+00   0.00000000E+00
   5.40000000E+00   0.00000000E+00   0.00000000E+00   0.00000000E+00
   5.60000000E+00   0.00000000E+00   0.00000000E+00   0.00000000E+00
   5.80000000E+00   0.00000000E+00   0.00000000E+00   0.00000000E+00
   6.00000000E+00   0.00000000E+00   0.00000000E+00   0.00000000E+00
   6.20000000E+00   0.00000000E+00   0.00000000E+00   0.00000000E+00
   6.40000000E+00   0.00000000E+00   0.00000000E+00   0.00000000E+00
   6.60000000E+00   0.00000000E+00   0.00000000E+00   0.00000000E+00
   6.80000000E+00   0.00000000E+00   0.00000000E+00   0.00000000E+00
   7.00000000E+00   0.00000000E+00   0.00000000E+00   0.00000000E+00
   7.20000000E+00   0.00000000E+00   0.00000000E+00   0.00000000E+00
   7.40000000E+00   0.00000000E+00   0.00000000E+00   0.00000000E+00
   7.60000000E+00   0.00000000E+00   0.00000000E+00   0.00000000E+00
   7.80000000E+00   0.00000000E+00   0.00000000E+00   0.00000000E+00
   8.00000000E+00   0.00000000E+00   0.00000000E+00   0.00000000E+00
   8.20000000E+00   0.00000000E+00   0.00000000E+00   0.00000000E+00
   8.40000000E+00   0.00000000E+00   0.00000000E+00   0.00000000E+00
   8.60000000E+00   0.00000000E+00   0.00000000E+00   0.00000000E+00
   8.80000000E+00   0.00000000E+00   0.00000000E+00   0.00000000E+00
   9.00000000E+00   0.00000000E+00   0.00000000E+00   0.00000000E+00
   9.20000000E+00   0.00000000E+00   0.00000000E+00   0.00000000E+00
   9.40000000E+00   0.00000000E+00   0.00000000E+00   0.00000000E+00
   9.60000000E+00   0.00000000E+00   0.00000000E+00   0.00000000E+00
   9.80000000E+00   0.00000000E+00   0.00000000E+00   0.00000000E+00
   1.00000000E+01   0.00000000E+00   0.00000000E+00   0.00000000E+00
   1.02000000E+01   0.00000000E+00   0.00000000E+00   0.00000000E+00
   1.04000000E+01   0.00000000E+00   0.00000000E+00   0.00000000E+00
   1.06000000E+01   0.00000000E+00   0.00000000E+00   0.00000000E+00
   1.08000000E+01   0.00000000E+00   0.00000000E+00   0.00000000E+00
   1.10000000E+01   0.00000000E+00   0.00000000E+00   0.00000000E+00
   1.12000000E+01   0.00000000E+00   0.00000000E+00   0.00000000E+00
   1.14000000E+01   0.00000000E+00   0.00000000E+00   0.00000000E+00
   1.16000000E+01   0.00000000E+00   0.00000000E+00   0.00000000E+00
   1.18000000E+01   0.00000000E+00   0.00000000E+00   0.00000000E+00
   1.20000000E+01   0.00000000E+00   0.00000000E+00   0.00000000E+00
   1.22000000E+01   0.00000000E+00   0.00000000E+00   0.00000000E+00
   1.24000000E+01   0.00000000E+00   0.00000000E+00   0.00000000E+00
   1.26000000E+01   0.00000000E+00   0.00000000E+00   0.00000000E+00
   1.28000000E+01   0.00000000E+00   0.00000000E+00   0.00000000E+00
   1.30000000E+01   0.00000000E+00   0.00000000E+00   0.00000000E+00
   1.32000000E+01   0.00000000E+00   0.00000000E+00   0.00000000E+00
   1.34000000E+01   0.00000000E+00   0.00000000E+00   1.92631610E-09
   1.36000000E+01   0.00000000E+00   0.00000000E+00  -7.20995496E-09
   1.38000000E+01   0.00000000E+00   0.00000000E+00  -1.02293287E-07
   1.40000000E+01   0.00000000E+00   0.00000000E+00   1.06305753E-06
   1.42000000E+01   0.00000000E+00  -1.07873701E-07  -8.79465661E-06
   1.44000000E+01   0.00000000E+00  -7.46895338E-07   1.42876178E-05
   1.46000000E+01   0.00000000E+00   3.80246777E-06   6.06185486E-05
   1.48000000E+01   0.00000000E+00  -1.30913549E-06  -2.41687874E-04
   1.50000000E+01   6.04092728E-06   9.82939075E-05   2.26338880E-03
   1.52000000E+01   1.06262697E-04   1.19758983E-03   9.12418750E-03
   1.54000000E+01   5.82238640E-04   3.74321121E-03   1.58977428E-02
   1.56000000E+01   1.68631379E-03   7.52248394E-03   2.22231321E-02
   1.58000000E+01   3.68036842E-03   1.26443925E-02   2.87329711E-02
   1.60000000E+01   6.82694855E-03   1.90067773E-02   3.51022091E-02
   1.62000000E+01   1.13700615E-02   2.66778838E-02   4.13587351E-02
   1.64000000E+01   1.75797828E-02   3.55690322E-02   4.78704738E-02
   1.66000000E+01   2.56883795E-02   4.58206805E-02   5.43505768E-02
   1.68000000E+01   3.59825604E-02   5.71955625E-02   5.91159767E-02
   1.70000000E+01   4.86336309E-02   6.95731936E-02   6.54226311E-02
   1.72000000E+01   6.39109362E-02   8.34309749E-02   7.27548336E-02
   1.74000000E+01   8.20804266E-02   9.84089549E-02   7.61262876E-02
   1.76000000E+01   1.03311073E-01   1.13937662E-01   8.03136839E-02
   1.78000000E+01   1.27739859E-01   1.30731618E-01   8.74721081E-02
   1.80000000E+01   1.55679815E-01   1.48667960E-01   9.06991588E-02
   1.82000000E+01   1.87239588E-01   1.67080329E-01   9.49832107E-02
   1.84000000E+01   2.22592584E-01   1.86710749E-01   1.00095618E-01
   1.86000000E+01   2.61952464E-01   2.06775852E-01   9.99703693E-02
   1.88000000E+01   3.05314901E-01   2.27009956E-01   1.04529664E-01
   1.90000000E+01   3.52843805E-01   2.48561222E-01   1.08725479E-01
   1.92000000E+01   4.04737515E-01   2.70077632E-01   1.06476430E-01
   1.94000000E+01   4.60870395E-01   2.91519896E-01   1.09948829E-01
   1.96000000E+01   5.21395087E-01   3.13739526E-01   1.08557233E-01
   1.98000000E+01   5.86299271E-01   3.34919875E-01   1.06597354E-01
   2.00000000E+01   6.55410168E-01   3.56787451E-01   1.10977727E-01
   2.02000000E+01   7.28977778E-01   3.78114451E-01   9.74292893E-02
   2.04000000E+01   8.06396738E-01   3.95551257E-01   8.07642521E-02
   2.06000000E+01   8.87060774E-01   4.10934922E-01   7.18354730E-02
   2.08000000E+01   9.70564045E-01   4.23213489E-01   4.67018562E-02
   2.10000000E+01   1.05594401E+00   4.29451881E-01   1.93556657E-02
   2.12000000E+01   1.14204271E+00   4.31210074E-01  -4.18089241E-03
   2.14000000E+01   1.22805882E+00   4.27418609E-01  -3.34210917E-02
   2.16000000E+01   1.31265563E+00   4.18299569E-01  -5.55221450E-02
   2.18000000E+01   1.39509736E+00   4.04994361E-01  -8.09993953E-02
   2.20000000E+01   1.47427911E+00   3.86041923E-01  -1.04370241E-01
   2.22000000E+01   1.54928522E+00   3.63687310E-01  -1.20907143E-01
   2.24000000E+01   1.61948788E+00   3.37349677E-01  -1.42606496E-01
   2.26000000E+01   1.68399042E+00   3.07480566E-01  -1.51720230E-01
   2.28000000E+01   1.74244009E+00   2.77019018E-01  -1.55488027E-01
   2.30000000E+01   1.79469074E+00   2.44935390E-01  -1.64502551E-01
   2.32000000E+01   1.84035253E+00   2.11939656E-01  -1.62591175E-01
   2.34000000E+01   1.87955515E+00   1.80276365E-01  -1.55177702E-01
   2.36000000E+01   1.91254578E+00   1.49829718E-01  -1.48369681E-01
   2.38000000E+01   1.93961381E+00   1.21275507E-01  -1.36316090E-01
   2.40000000E+01   1.96122546E+00   9.52474690E-02  -1.25114194E-01
   2.42000000E+01   1.97782261E+00   7.08625486E-02  -1.19323890E-01
   2.44000000E+01   1.98963884E+00   4.75144983E-02  -1.13553506E-01
   2.46000000E+01   1.99691811E+00   2.55180827E-02  -1.06693161E-01
   2.48000000E+01   1.99992692E+00   4.72911611E-03  -1.01485954E-01
   2.50000000E+01   1.99887428E+00  -1.50952040E-02  -9.65164971E-02
   2.52000000E+01   1.99395455E+00  -3.39274849E-02  -9.22677217E-02
   2.54000000E+01   1.98534940E+00  -5.20650974E-02  -8.90321599E-02
   2.56000000E+01   1.97318313E+00  -6.93925106E-02  -8.35557113E-02
   2.58000000E+01   1.95766375E+00  -8.56422588E-02  -8.03620574E-02
   2.60000000E+01   1.93894244E+00  -1.01648407E-01  -7.88734810E-02
   2.62000000E+01   1.91705439E+00  -1.16905226E-01  -7.30894872E-02
   2.64000000E+01   1.89225558E+00  -1.31037145E-01  -6.96248322E-02
   2.66000000E+01   1.86465577E+00  -1.44929995E-01  -6.87365865E-02
   2.68000000E+01   1.83431265E+00  -1.58376581E-01  -6.54715640E-02
   2.70000000E+01   1.80134746E+00  -1.71181153E-01  -6.32074163E-02
   2.72000000E+01   1.76586729E+00  -1.83587418E-01  -5.99432624E-02
   2.74000000E+01   1.72798009E+00  -1.94991384E-01  -5.40570050E-02
   2.76000000E+01   1.68792239E+00  -2.05603872E-01  -5.40890028E-02
   2.78000000E+01   1.64572301E+00  -2.16457968E-01  -5.16014155E-02
   2.80000000E+01   1.60142950E+00  -2.25942959E-01  -4.45384605E-02
   2.82000000E+01   1.55539941E+00  -2.34629962E-01  -4.29946590E-02
   2.84000000E+01   1.50761430E+00  -2.42784176E-01  -3.59615515E-02
   2.86000000E+01   1.45840499E+00  -2.49129019E-01  -3.06489618E-02
   2.88000000E+01   1.40797315E+00  -2.55331312E-01  -2.96999221E-02
   2.90000000E+01   1.35633579E+00  -2.60570255E-01  -2.20653408E-02
   2.92000000E+01   1.30384381E+00  -2.64329029E-01  -1.71915244E-02
   2.94000000E+01   1.25064701E+00  -2.67469726E-01  -1.25732304E-02
   2.96000000E+01   1.19693786E+00  -2.69363161E-01  -7.90935523E-03
   2.98000000E+01   1.14292575E+00  -2.70889044E-01  -7.15018869E-03
   3.00000000E+01   1.08861879E+00  -2.71863810E-01  -1.05251572E-03
   3.02000000E+01   1.03429275E+00  -2.71168014E-01   7.06169946E-03
   3.04000000E+01   9.80222145E-01  -2.69429615E-01   9.56157620E-03
   3.06000000E+01   9.26523839E-01  -2.67607336E-01   8.09380591E-03
   3.08000000E+01   8.73190807E-01  -2.65623911E-01   1.49971610E-02
   3.10000000E+01   8.20413408E-01  -2.61555434E-01   2.26748043E-02
   3.12000000E+01   7.68596289E-01  -2.57095500E-01   2.22941483E-02
   3.14000000E+01   7.17586541E-01  -2.52440319E-01   2.50776439E-02
   3.16000000E+01   6.67669649E-01  -2.47027081E-01   2.81099562E-02
   3.18000000E+01   6.18820256E-01  -2.40985468E-01   3.43942983E-02
   3.20000000E+01   5.71365346E-01  -2.33572114E-01   3.61799189E-02
   3.22000000E+01   5.25359226E-01  -2.26661771E-01   3.57989489E-02
   3.24000000E+01   4.80747716E-01  -2.19005278E-01   3.91032468E-02
   3.26000000E+01   4.37780766E-01  -2.11026642E-01   4.21486705E-02
   3.28000000E+01   3.96397289E-01  -2.02137909E-01   4.55220344E-02
   3.30000000E+01   3.56936091E-01  -1.93086505E-01   4.47382260E-02
   3.32000000E+01   3.19170158E-01  -1.83933352E-01   4.86683147E-02
   3.34000000E+01   2.83430137E-01  -1.73755249E-01   5.04896425E-02
   3.36000000E+01   2.49647461E-01  -1.63906850E-01   4.98252378E-02
   3.38000000E+01   2.17892005E-01  -1.53662956E-01   5.16241643E-02
   3.40000000E+01   1.88191975E-01  -1.43289660E-01   5.28253650E-02
   3.42000000E+01   1.60602658E-01  -1.32514363E-01   5.43929282E-02
   3.44000000E+01   1.35194228E-01  -1.21621342E-01   5.45728734E-02
   3.46000000E+01   1.11961732E-01  -1.10617356E-01   5.58017176E-02
   3.48000000E+01   9.09621264E-02  -9.93866864E-02   5.57573210E-02
   3.50000000E+01   7.21910019E-02  -8.83945854E-02   5.44968669E-02
   3.52000000E+01   5.56025158E-02  -7.74285972E-02   5.56102601E-02
   3.54000000E+01   4.12382719E-02  -6.61857506E-02   5.61831557E-02
   3.56000000E+01   2.91187499E-02  -5.50876330E-02   5.47775327E-02
   3.58000000E+01   1.91886437E-02  -4.42039142E-02   5.45484041E-02
   3.60000000E+01   1.14336387E-02  -3.33538508E-02   5.29168840E-02
   3.62000000E+01   5.82838093E-03  -2.28254475E-02   5.41369244E-02
   3.64000000E+01   2.34202275E-03  -1.17788174E-02   5.43690549E-02
   3.66000000E+01   9.87254806E-04  -2.65065088E-03   3.14905766E-02
   3.68000000E+01   8.71836000E-04   4.16486164E-04   2.71254010E-03
   3.70000000E+01   9.18722348E-04   1.51418334E-05  -2.79481384E-03
   3.72000000E+01   9.02063411E-04  -6.91991466E-05   8.04085441E-04
   3.74000000E+01   9.07338466E-04   3.50794597E-05   1.08336470E-04
   3.76000000E+01   9.05746305E-04  -1.15305173E-05  -1.59636431E-04
   3.78000000E+01   9.06411249E-04   7.44579524E-06   3.86963850E-05
   3.80000000E+01   9.05877151E-04  -1.96084180E-05  -1.42352681E-04
   3.82000000E+01   9.00300506E-04  -2.04176538E-05   1.34415856E-04
   3.84000000E+01   8.99779083E-04   9.80344077E-06   3.99440813E-05
   3.86000000E+01   9.00827012E-04  -1.07728590E-05  -1.47612387E-04
   3.88000000E+01   8.96037375E-04  -2.26546221E-05   6.26576736E-05
   3.90000000E+01   8.93915105E-04  -2.36455537E-06   2.27221744E-05
   3.92000000E+01   8.92426164E-04  -2.20213592E-05  -1.43888481E-04
   3.94000000E+01   8.85654247E-04  -3.35781483E-05   8.39305585E-05
   3.96000000E+01   8.81805466E-04  -3.16792842E-06   8.99083294E-05
   3.98000000E+01   8.81760484E-04  -1.22736079E-05  -1.18796343E-04
   4.00000000E+01   8.76153825E-04  -3.15492692E-05  -4.28039403E-05
   4.02000000E+01   8.70734445E-04  -2.76849320E-05   5.30448185E-05
   4.04000000E+01   8.65229058E-04  -2.18250915E-05  -1.56718423E-05
   4.06000000E+01   8.60676187E-04  -3.51162454E-05  -1.04936368E-04
   4.08000000E+01   8.51198544E-04  -4.87425299E-05   3.21676139E-05
   4.10000000E+01   8.43109295E-04  -3.28135805E-05   8.64385285E-06
   4.12000000E+01   8.36177364E-04  -4.64294039E-05  -3.18768873E-05
   4.14000000E+01   8.26027929E-04  -3.68603168E-05   6.34586278E-05
   4.16000000E+01   8.20776938E-04  -3.71679931E-05  -8.88723231E-05
   4.18000000E+01   8.09697194E-04  -5.95900810E-05  -4.48635170E-05
   4.20000000E+01   7.98883715E-04  -5.24166302E-05   3.55954290E-05
   4.22000000E+01   7.88211175E-04  -5.39497764E-05  -1.17545386E-05
   4.24000000E+01   7.77386073E-04  -5.35276932E-05  -1.82628014E-06
   4.26000000E+01   7.66702973E-04  -5.48566751E-05  -5.38949284E-07
   4.28000000E+01   7.55729124E-04  -5.21631609E-05   3.10367453E-05
   4.30000000E+01   7.45576771E-04  -5.25034527E-05  -9.19124895E-05
   4.32000000E+01   7.33196437E-04  -7.66451856E-05  -3.06303293E-05
   4.34000000E+01   7.17376694E-04  -6.31857389E-05   5.54157976E-05
   4.36000000E+01   7.06803319E-04  -6.72899007E-05  -5.52054206E-05
   4.38000000E+01   6.90471596E-04  -7.11932017E-05   5.24642103E-05
   4.40000000E+01   6.79409539E-04  -5.82202330E-05  -2.26892702E-05
   4.42000000E+01   6.64860168E-04  -8.05403470E-05  -9.88710623E-05
   4.44000000E+01   6.48310865E-04  -8.51888277E-05   9.11263577E-06
   4.46000000E+01   6.31668691E-04  -7.81677846E-05   9.59293903E-05
   4.48000000E+01   6.17928427E-04  -5.72751661E-05   3.43056342E-05
   4.50000000E+01   6.06496990E-04  -6.99709900E-05  -1.13244090E-04
   4.52000000E+01   5.89699791E-04  -8.60303498E-05  -1.36037361E-05
   4.54000000E+01   5.73635482E-04  -7.91040886E-05   2.74955897E-05
   4.56000000E+01   5.57514740E-04  -8.08084348E-05  -1.48705665E-05
   4.58000000E+01   5.41388763E-04  -8.08752312E-05   7.27010778E-06
   4.60000000E+01   5.25213306E-04  -8.02100703E-05  -8.35822829E-06
   4.62000000E+01   5.09145686E-04  -8.22133188E-05   4.63297720E-06
   4.64000000E+01   4.92764960E-04  -7.77798905E-05   3.40114363E-05
   4.66000000E+01   4.77445719E-04  -8.09415829E-05  -1.28834071E-04
   4.68000000E+01   4.58977870E-04  -1.06899597E-04   4.31162307E-05
   4.70000000E+01   4.38902457E-04  -6.87805927E-05   1.45656857E-04
   4.72000000E+01   4.28393099E-04  -7.69570236E-05  -1.81687234E-04
   4.74000000E+01   4.06681185E-04  -1.06515129E-04   2.02797031E-05
   4.76000000E+01   3.89769601E-04  -7.59570449E-05   1.07194750E-04
   4.78000000E+01   3.74066947E-04  -8.02985049E-05  -5.09755660E-05
   4.80000000E+01   3.57749582E-04  -8.17543090E-05   1.35657344E-05
   4.82000000E+01   3.41649338E-04  -7.93902418E-05   5.32294920E-06
   4.84000000E+01   3.25653593E-04  -8.18034787E-05  -3.53310646E-05
   4.86000000E+01   3.09029867E-04  -8.34252440E-05   7.44748489E-05
   4.88000000E+01   2.93972379E-04  -5.94948249E-05   7.46187972E-05
   4.90000000E+01   2.83272625E-04  -6.49198830E-05  -9.31829299E-05
   4.92000000E+01   2.67053343E-04  -8.37503941E-05  -6.69000883E-05
   4.94000000E+01   2.50958137E-04  -8.53832601E-05   4.63118025E-05
   4.96000000E+01   2.34078803E-04  -7.01043568E-05   9.37445762E-05
   4.98000000E+01   2.22517797E-04  -5.99541459E-05  -4.10651182E-05
   5.00000000E+01   2.08475336E-04  -7.47028399E-05   2.75671134E-06
   5.02000000E+01   1.94497265E-04  -6.04739202E-05   2.15163022E-05
   5.04000000E+01   1.82611231E-04  -7.23089467E-05  -5.71164156E-05
   5.06000000E+01   1.66621256E-04  -6.82144014E-05   9.61767555E-05
   5.08000000E+01   1.56403985E-04  -4.79641487E-05   3.34805982E-05
   5.10000000E+01   1.45613141E-04  -5.53275915E-05  -3.21913762E-05
   5.12000000E+01   1.34833040E-04  -5.34696514E-05   1.03715113E-05
   5.14000000E+01   1.24094192E-04  -5.43247663E-05   3.54902108E-06
   5.16000000E+01   1.13262587E-04  -5.23804853E-05  -2.97128587E-06
   5.18000000E+01   1.02747470E-04  -5.62387705E-05  -2.68439975E-05
   5.20000000E+01   9.12649519E-05  -5.34258159E-05   9.77187519E-05
   5.22000000E+01   8.26879663E-05  -3.02181421E-05   2.95536207E-05
   5.24000000E+01   7.66563751E-05  -4.49297522E-05  -9.41862309E-05
   5.26000000E+01   6.57115428E-05  -4.50964630E-05   1.26989910E-04
   5.28000000E+01   6.05496303E-05  -1.59048273E-05   2.20781291E-05
   5.30000000E+01   5.57292908E-05  -4.11047982E-05  -1.55246554E-04
   5.32000000E+01   4.51406219E-05  -5.04417450E-05   7.90497352E-05
   5.34000000E+01   3.79315450E-05  -2.46077307E-05   8.77427501E-05
   5.36000000E+01   3.33911646E-05  -2.71521546E-05  -8.69677286E-05
   5.38000000E+01   2.71230987E-05  -3.04220137E-05   1.82337952E-04
   5.40000000E+01   2.39630403E-05   1.00059835E-05  -8.07748521E-05
   5.42000000E+01   2.35558239E-05  -6.36761689E-05  -3.70436330E-04
   5.44000000E+01   2.73924180E-06  -7.39454861E-05   3.06322929E-04
   5.46000000E+01   2.21200701E-07   8.51880907E-06   2.20719872E-04
   5.48000000E+01   0.00000000E+00  -2.20447316E-06  -9.52389589E-05
   5.50000000E+01   0.00000000E+00   1.20080070E-07   3.03076580E-05
   5.52000000E+01   0.00000000E+00   6.78156532E-09  -5.61207880E-06
   5.54000000E+01   0.00000000E+00   3.95001252E-09   6.64975048E-07
   5.56000000E+01   0.00000000E+00   0.00000000E+00  -7.12564711E-08
   5.58000000E+01   0.00000000E+00   0.00000000E+00   4.80257275E-09
   5.60000000E+01   0.00000000E+00   0.00000000E+00  -6.31283956E-10
   5.62000000E+01   0.00000000E+00   0.00000000E+00   7.05359379E-11
   5.64000000E+01   0.00000000E+00   0.00000000E+00   0.00000000E+00
   5.66000000E+01   0.00000000E+00   0.00000000E+00   0.00000000E+00
   5.68000000E+01   0.00000000E+00   0.00000000E+00   0.00000000E+00
   5.70000000E+01   0.00000000E+00   0.00000000E+00   0.00000000E+00
   5.72000000E+01   0.00000000E+00   0.00000000E+00   0.00000000E+00
   5.74000000E+01   0.00000000E+00   0.00000000E+00   0.00000000E+00
   5.76000000E+01   0.00000000E+00   0.00000000E+00   0.00000000E+00
   5.78000000E+01   0.00000000E+00   0.00000000E+00   0.00000000E+00
   5.80000000E+01   0.00000000E+00   0.00000000E+00   0.00000000E+00
   5.82000000E+01   0.00000000E+00   0.00000000E+00   0.00000000E+00
   5.84000000E+01   0.00000000E+00   0.00000000E+00   0.00000000E+00
   5.86000000E+01   0.00000000E+00   0.00000000E+00   0.00000000E+00
   5.88000000E+01   0.00000000E+00   0.00000000E+00   0.00000000E+00
   5.90000000E+01   0.00000000E+00   0.00000000E+00   0.00000000E+00
   5.92000000E+01   0.00000000E+00   0.00000000E+00   0.00000000E+00
   5.94000000E+01   0.00000000E+00   0.00000000E+00   0.00000000E+00
   5.96000000E+01   0.00000000E+00   0.00000000E+00   0.00000000E+00
   5.98000000E+01   0.00000000E+00   0.00000000E+00   0.00000000E+00
   6.00000000E+01   0.00000000E+00   0.00000000E+00   0.00000000E+00
   6.02000000E+01   0.00000000E+00   0.00000000E+00   0.00000000E+00
   6.04000000E+01   0.00000000E+00   0.00000000E+00   0.00000000E+00
   6.06000000E+01   0.00000000E+00   0.00000000E+00   0.00000000E+00
   6.08000000E+01   0.00000000E+00   0.00000000E+00   0.00000000E+00
   6.10000000E+01   0.00000000E+00   0.00000000E+00   0.00000000E+00
   6.12000000E+01   0.00000000E+00   0.00000000E+00   0.00000000E+00
   6.14000000E+01   0.00000000E+00   0.00000000E+00   0.00000000E+00
   6.16000000E+01   0.00000000E+00   0.00000000E+00   0.00000000E+00
   6.18000000E+01   0.00000000E+00   0.00000000E+00   0.00000000E+00
   6.20000000E+01   0.00000000E+00   0.00000000E+00   0.00000000E+00
   6.22000000E+01   0.00000000E+00   0.00000000E+00   0.00000000E+00
   6.24000000E+01   0.00000000E+00   0.00000000E+00   0.00000000E+00
   6.26000000E+01   0.00000000E+00   0.00000000E+00   0.00000000E+00
   6.28000000E+01   0.00000000E+00   0.00000000E+00   0.00000000E+00
   6.30000000E+01   0.00000000E+00   0.00000000E+00   0.00000000E+00
   6.32000000E+01   0.00000000E+00   0.00000000E+00   0.00000000E+00
   6.34000000E+01   0.00000000E+00   0.00000000E+00   0.00000000E+00
   6.36000000E+01   0.00000000E+00   0.00000000E+00   0.00000000E+00
   6.38000000E+01   0.00000000E+00   0.00000000E+00   0.00000000E+00
   6.40000000E+01   0.00000000E+00   0.00000000E+00   0.00000000E+00
   6.42000000E+01   0.00000000E+00   0.00000000E+00   0.00000000E+00
   6.44000000E+01   0.00000000E+00   0.00000000E+00   0.00000000E+00
   6.46000000E+01   0.00000000E+00   0.00000000E+00   0.00000000E+00
   6.48000000E+01   0.00000000E+00   0.00000000E+00   0.00000000E+00
   6.50000000E+01   0.00000000E+00   0.00000000E+00   0.00000000E+00
   6.52000000E+01   0.00000000E+00   0.00000000E+00   0.00000000E+00
   6.54000000E+01   0.00000000E+00   0.00000000E+00   0.00000000E+00
   6.56000000E+01   0.00000000E+00   0.00000000E+00   0.00000000E+00
   6.58000000E+01   0.00000000E+00   0.00000000E+00   0.00000000E+00
   6.60000000E+01   0.00000000E+00   0.00000000E+00   0.00000000E+00
   6.62000000E+01   0.00000000E+00   0.00000000E+00   0.00000000E+00
   6.64000000E+01   0.00000000E+00   0.00000000E+00   0.00000000E+00
   6.66000000E+01   0.00000000E+00   0.00000000E+00   0.00000000E+00
   6.68000000E+01   0.00000000E+00   0.00000000E+00   0.00000000E+00
   6.70000000E+01   0.00000000E+00   0.00000000E+00   0.00000000E+00
   6.72000000E+01   0.00000000E+00   0.00000000E+00   0.00000000E+00
   6.74000000E+01   0.00000000E+00   0.00000000E+00   0.00000000E+00
   6.76000000E+01   0.00000000E+00   0.00000000E+00   0.00000000E+00
   6.78000000E+01   0.00000000E+00   0.00000000E+00   0.00000000E+00
   6.80000000E+01   0.00000000E+00   0.00000000E+00   0.00000000E+00
   6.82000000E+01   0.00000000E+00   0.00000000E+00   0.00000000E+00
   6.84000000E+01   0.00000000E+00   0.00000000E+00   0.00000000E+00
   6.86000000E+01   0.00000000E+00   0.00000000E+00   0.00000000E+00
   6.88000000E+01   0.00000000E+00   0.00000000E+00   0.00000000E+00
   6.90000000E+01   0.00000000E+00   0.00000000E+00   0.00000000E+00
   6.92000000E+01   0.00000000E+00   0.00000000E+00   0.00000000E+00
   6.94000000E+01   0.00000000E+00   0.00000000E+00   0.00000000E+00
   6.96000000E+01   0.00000000E+00   0.00000000E+00   0.00000000E+00
   6.98000000E+01   0.00000000E+00   0.00000000E+00   0.00000000E+00
   7.00000000E+01   0.00000000E+00   0.00000000E+00   0.00000000E+00
   7.02000000E+01   0.00000000E+00   0.00000000E+00   0.00000000E+00
   7.04000000E+01   0.00000000E+00   0.00000000E+00   0.00000000E+00
   7.06000000E+01   0.00000000E+00   0.00000000E+00   0.00000000E+00
   7.08000000E+01   0.00000000E+00   0.00000000E+00   0.00000000E+00
   7.10000000E+01   0.00000000E+00   0.00000000E+00   0.00000000E+00
   7.12000000E+01   0.00000000E+00   0.00000000E+00   0.00000000E+00
   7.14000000E+01   0.00000000E+00   0.00000000E+00   0.00000000E+00
   7.16000000E+01   0.00000000E+00   0.00000000E+00   0.00000000E+00
   7.18000000E+01   0.00000000E+00   0.00000000E+00   0.00000000E+00
   7.20000000E+01   0.00000000E+00   0.00000000E+00   0.00000000E+00
   7.22000000E+01   0.00000000E+00   0.00000000E+00   0.00000000E+00
   7.24000000E+01   0.00000000E+00   0.00000000E+00   0.00000000E+00
   7.26000000E+01   0.00000000E+00   0.00000000E+00   0.00000000E+00
   7.28000000E+01   0.00000000E+00   0.00000000E+00   0.00000000E+00
   7.30000000E+01   0.00000000E+00   0.00000000E+00   0.00000000E+00
   7.32000000E+01   0.00000000E+00   0.00000000E+00   0.00000000E+00
   7.34000000E+01   0.00000000E+00   0.00000000E+00   0.00000000E+00
   7.36000000E+01   0.00000000E+00   0.00000000E+00   0.00000000E+00
   7.38000000E+01   0.00000000E+00   0.00000000E+00   0.00000000E+00
   7.40000000E+01   0.00000000E+00   0.00000000E+00   0.00000000E+00
   7.42000000E+01   0.00000000E+00   0.00000000E+00   0.00000000E+00
   7.44000000E+01   0.00000000E+00   0.00000000E+00   0.00000000E+00
   7.46000000E+01   0.00000000E+00   0.00000000E+00   0.00000000E+00
   7.48000000E+01   0.00000000E+00   0.00000000E+00   0.00000000E+00
   7.50000000E+01   0.00000000E+00   0.00000000E+00   0.00000000E+00
   7.52000000E+01   0.00000000E+00   0.00000000E+00   0.00000000E+00
   7.54000000E+01   0.00000000E+00   0.00000000E+00   0.00000000E+00
   7.56000000E+01   0.00000000E+00   0.00000000E+00   0.00000000E+00
   7.58000000E+01   0.00000000E+00   0.00000000E+00   0.00000000E+00
   7.60000000E+01   0.00000000E+00   0.00000000E+00   0.00000000E+00
   7.62000000E+01   0.00000000E+00   0.00000000E+00   0.00000000E+00
   7.64000000E+01   0.00000000E+00   0.00000000E+00   0.00000000E+00
   7.66000000E+01   0.00000000E+00   0.00000000E+00   0.00000000E+00
   7.68000000E+01   0.00000000E+00   0.00000000E+00   0.00000000E+00
   7.70000000E+01   0.00000000E+00   0.00000000E+00   0.00000000E+00
   7.72000000E+01   0.00000000E+00   0.00000000E+00   0.00000000E+00
   7.74000000E+01   0.00000000E+00   0.00000000E+00   0.00000000E+00
   7.76000000E+01   0.00000000E+00   0.00000000E+00   0.00000000E+00
   7.78000000E+01   0.00000000E+00   0.00000000E+00   0.00000000E+00
   7.80000000E+01   0.00000000E+00   0.00000000E+00   0.00000000E+00
   7.82000000E+01   0.00000000E+00   0.00000000E+00   0.00000000E+00
   7.84000000E+01   0.00000000E+00   0.00000000E+00   0.00000000E+00
   7.86000000E+01   0.00000000E+00   0.00000000E+00   0.00000000E+00
   7.88000000E+01   0.00000000E+00   0.00000000E+00   0.00000000E+00
   7.90000000E+01   0.00000000E+00   0.00000000E+00   0.00000000E+00
   7.92000000E+01   0.00000000E+00   0.00000000E+00   0.00000000E+00
   7.94000000E+01   0.00000000E+00   0.00000000E+00   0.00000000E+00
   7.96000000E+01   0.00000000E+00   0.00000000E+00   0.00000000E+00
   7.98000000E+01   0.00000000E+00   0.00000000E+00   0.00000000E+00
   8.00000000E+01   0.00000000E+00   0.00000000E+00   0.00000000E+00
   8.02000000E+01   0.00000000E+00   0.00000000E+00   0.00000000E+00
   8.04000000E+01   0.00000000E+00   0.00000000E+00   0.00000000E+00
   8.06000000E+01   0.00000000E+00   0.00000000E+00   0.00000000E+00
   8.08000000E+01   0.00000000E+00   0.00000000E+00   0.00000000E+00
   8.10000000E+01   0.00000000E+00   0.00000000E+00   0.00000000E+00
   8.12000000E+01   0.00000000E+00   0.00000000E+00   0.00000000E+00
   8.14000000E+01   0.00000000E+00   0.00000000E+00   0.00000000E+00
   8.16000000E+01   0.00000000E+00   0.00000000E+00   0.00000000E+00
   8.18000000E+01   0.00000000E+00   0.00000000E+00   0.00000000E+00
   8.20000000E+01   0.00000000E+00   0.00000000E+00   0.00000000E+00
   8.22000000E+01   0.00000000E+00   0.00000000E+00   0.00000000E+00
   8.24000000E+01   0.00000000E+00   0.00000000E+00   0.00000000E+00
   8.26000000E+01   0.00000000E+00   0.00000000E+00   0.00000000E+00
   8.28000000E+01   0.00000000E+00   0.00000000E+00   0.00000000E+00
   8.30000000E+01   0.00000000E+00   0.00000000E+00   0.00000000E+00
   8.32000000E+01   0.00000000E+00   0.00000000E+00   0.00000000E+00
   8.34000000E+01   0.00000000E+00   0.00000000E+00   0.00000000E+00
   8.36000000E+01   0.00000000E+00   0.00000000E+00   0.00000000E+00
   8.38000000E+01   0.00000000E+00   0.00000000E+00   0.00000000E+00
   8.40000000E+01   0.00000000E+00   0.00000000E+00   0.00000000E+00
   8.42000000E+01   0.00000000E+00   0.00000000E+00   0.00000000E+00
   8.44000000E+01   0.00000000E+00   0.00000000E+00   0.00000000E+00
   8.46000000E+01   0.00000000E+00   0.00000000E+00   0.00000000E+00
   8.48000000E+01   0.00000000E+00   0.00000000E+00   0.00000000E+00
   8.50000000E+01   0.00000000E+00   0.00000000E+00   0.00000000E+00
   8.52000000E+01   0.00000000E+00   0.00000000E+00   0.00000000E+00
   8.54000000E+01   0.00000000E+00   0.00000000E+00   0.00000000E+00
   8.56000000E+01   0.00000000E+00   0.00000000E+00   0.00000000E+00
   8.58000000E+01   0.00000000E+00   0.00000000E+00   0.00000000E+00
   8.60000000E+01   0.00000000E+00   0.00000000E+00   0.00000000E+00
   8.62000000E+01   0.00000000E+00   0.00000000E+00   0.00000000E+00
   8.64000000E+01   0.00000000E+00   0.00000000E+00   0.00000000E+00
   8.66000000E+01   0.00000000E+00   0.00000000E+00   0.00000000E+00
   8.68000000E+01   0.00000000E+00   0.00000000E+00   0.00000000E+00
   8.70000000E+01   0.00000000E+00   0.00000000E+00   0.00000000E+00
   8.72000000E+01   0.00000000E+00   0.00000000E+00   0.00000000E+00
   8.74000000E+01   0.00000000E+00   0.00000000E+00   0.00000000E+00
   8.76000000E+01   0.00000000E+00   0.00000000E+00   0.00000000E+00
   8.78000000E+01   0.00000000E+00   0.00000000E+00   0.00000000E+00
   8.80000000E+01   0.00000000E+00   0.00000000E+00   0.00000000E+00
   8.82000000E+01   0.00000000E+00   0.00000000E+00   0.00000000E+00
   8.84000000E+01   0.00000000E+00   0.00000000E+00   0.00000000E+00
   8.86000000E+01   0.00000000E+00   0.00000000E+00   0.00000000E+00
   8.88000000E+01   0.00000000E+00   0.00000000E+00   0.00000000E+00
   8.90000000E+01   0.00000000E+00   0.00000000E+00   0.00000000E+00
   8.92000000E+01   0.00000000E+00   0.00000000E+00   0.00000000E+00
   8.94000000E+01   0.00000000E+00   0.00000000E+00   0.00000000E+00
   8.96000000E+01   0.00000000E+00   0.00000000E+00   0.00000000E+00
   8.98000000E+01   0.00000000E+00   0.00000000E+00   0.00000000E+00
   9.00000000E+01   0.00000000E+00   0.00000000E+00   0.00000000E+00
   9.02000000E+01   0.00000000E+00   0.00000000E+00   0.00000000E+00
   9.04000000E+01   0.00000000E+00   0.00000000E+00   0.00000000E+00
   9.06000000E+01   0.00000000E+00   0.00000000E+00   0.00000000E+00
   9.08000000E+01   0.00000000E+00   0.00000000E+00   0.00000000E+00
   9.10000000E+01   0.00000000E+00   0.00000000E+00   0.00000000E+00
   9.12000000E+01   0.00000000E+00   0.00000000E+00   0.00000000E+00
   9.14000000E+01   0.00000000E+00   0.00000000E+00   0.00000000E+00
   9.16000000E+01   0.00000000E+00   0.00000000E+00   0.00000000E+00
   9.18000000E+01   0.00000000E+00   0.00000000E+00   0.00000000E+00
   9.20000000E+01   0.00000000E+00   0.00000000E+00   0.00000000E+00
   9.22000000E+01   0.00000000E+00   0.00000000E+00   0.00000000E+00
   9.24000000E+01   0.00000000E+00   0.00000000E+00   0.00000000E+00
   9.26000000E+01   0.00000000E+00   0.00000000E+00   0.00000000E+00
   9.28000000E+01   0.00000000E+00   0.00000000E+00   0.00000000E+00
   9.30000000E+01   0.00000000E+00   0.00000000E+00   0.00000000E+00
   9.32000000E+01   0.00000000E+00   0.00000000E+00   0.00000000E+00
   9.34000000E+01   0.00000000E+00   0.00000000E+00   0.00000000E+00
   9.36000000E+01   0.00000000E+00   0.00000000E+00   0.00000000E+00
   9.38000000E+01   0.00000000E+00   0.00000000E+00   0.00000000E+00
   9.40000000E+01   0.00000000E+00   0.00000000E+00   0.00000000E+00
   9.42000000E+01   0.00000000E+00   0.00000000E+00   0.00000000E+00
   9.44000000E+01   0.00000000E+00   0.00000000E+00   0.00000000E+00
   9.46000000E+01   0.00000000E+00   0.00000000E+00   0.00000000E+00
   9.48000000E+01   0.00000000E+00   0.00000000E+00   0.00000000E+00
   9.50000000E+01   0.00000000E+00   0.00000000E+00   0.00000000E+00
   9.52000000E+01   0.00000000E+00   0.00000000E+00   0.00000000E+00
   9.54000000E+01   0.00000000E+00   0.00000000E+00   0.00000000E+00
   9.56000000E+01   0.00000000E+00   0.00000000E+00   0.00000000E+00
   9.58000000E+01   0.00000000E+00   0.00000000E+00   0.00000000E+00
   9.60000000E+01   0.00000000E+00   0.00000000E+00   0.00000000E+00
   9.62000000E+01   0.00000000E+00   0.00000000E+00   0.00000000E+00
   9.64000000E+01   0.00000000E+00   0.00000000E+00   0.00000000E+00
   9.66000000E+01   0.00000000E+00   0.00000000E+00   0.00000000E+00
   9.68000000E+01   0.00000000E+00   0.00000000E+00   0.00000000E+00
   9.70000000E+01   0.00000000E+00   0.00000000E+00   0.00000000E+00
   9.72000000E+01   0.00000000E+00   0.00000000E+00   0.00000000E+00
   9.74000000E+01   0.00000000E+00   0.00000000E+00   0.00000000E+00
   9.76000000E+01   0.00000000E+00   0.00000000E+00   0.00000000E+00
   9.78000000E+01   0.00000000E+00   0.00000000E+00   0.00000000E+00
   9.80000000E+01   0.00000000E+00   0.00000000E+00   0.00000000E+00
   9.82000000E+01   0.00000000E+00   0.00000000E+00   0.00000000E+00
   9.84000000E+01   0.00000000E+00   0.00000000E+00   0.00000000E+00
   9.86000000E+01   0.00000000E+00   0.00000000E+00   0.00000000E+00
   9.88000000E+01   0.00000000E+00   0.00000000E+00   0.00000000E+00
   9.90000000E+01   0.00000000E+00   0.00000000E+00   0.00000000E+00
   9.92000000E+01   0.00000000E+00   0.00000000E+00   0.00000000E+00
   9.94000000E+01   0.00000000E+00   0.00000000E+00   0.00000000E+00
   9.96000000E+01   0.00000000E+00   0.00000000E+00   0.00000000E+00
   9.98000000E+01   0.00000000E+00   0.00000000E+00   0.00000000E+00
   1.00000000E+02   0.00000000E+00   0.00000000E+00   0.00000000E+00
   1.00200000E+02   0.00000000E+00   0.00000000E+00   0.00000000E+00
   1.00400000E+02   0.00000000E+00   0.00000000E+00   0.00000000E+00
   1.00600000E+02   0.00000000E+00   0.00000000E+00   0.00000000E+00
   1.00800000E+02   0.00000000E+00   0.00000000E+00   0.00000000E+00
   1.01000000E+02   0.00000000E+00   0.00000000E+00   0.00000000E+00
   1.01200000E+02   0.00000000E+00   0.00000000E+00   0.00000000E+00
   1.01400000E+02   0.00000000E+00   0.00000000E+00   0.00000000E+00
   1.01600000E+02   0.00000000E+00   0.00000000E+00   0.00000000E+00
   1.01800000E+02   0.00000000E+00   0.00000000E+00   0.00000000E+00
   1.02000000E+02   0.00000000E+00   0.00000000E+00   0.00000000E+00
   1.02200000E+02   0.00000000E+00   0.00000000E+00   0.00000000E+00
   1.02400000E+02   0.00000000E+00   0.00000000E+00   0.00000000E+00
   1.02600000E+02   0.00000000E+00   0.00000000E+00   0.00000000E+00
   1.02800000E+02   0.00000000E+00   0.00000000E+00   0.00000000E+00
   1.03000000E+02   0.00000000E+00   0.00000000E+00   0.00000000E+00
   1.03200000E+02   0.00000000E+00   0.00000000E+00   0.00000000E+00
   1.03400000E+02   0.00000000E+00   0.00000000E+00   0.00000000E+00
   1.03600000E+02   0.00000000E+00   0.00000000E+00   0.00000000E+00
   1.03800000E+02   0.00000000E+00   0.00000000E+00   0.00000000E+00
   1.04000000E+02   0.00000000E+00   0.00000000E+00   0.00000000E+00
   1.04200000E+02   0.00000000E+00   0.00000000E+00   0.00000000E+00
   1.04400000E+02   0.00000000E+00   0.00000000E+00   0.00000000E+00
   1.04600000E+02   0.00000000E+00   0.00000000E+00   0.00000000E+00
   1.04800000E+02   0.00000000E+00   0.00000000E+00   0.00000000E+00
   1.05000000E+02   0.00000000E+00   0.00000000E+00   0.00000000E+00
   1.05200000E+02   0.00000000E+00   0.00000000E+00   0.00000000E+00
   1.05400000E+02   0.00000000E+00   0.00000000E+00   0.00000000E+00
   1.05600000E+02   0.00000000E+00   0.00000000E+00   0.00000000E+00
   1.05800000E+02   0.00000000E+00   0.00000000E+00   0.00000000E+00
   1.06000000E+02   0.00000000E+00   0.00000000E+00   0.00000000E+00
   1.06200000E+02   0.00000000E+00   0.00000000E+00   0.00000000E+00
   1.06400000E+02   0.00000000E+00   0.00000000E+00   0.00000000E+00
   1.06600000E+02   0.00000000E+00   0.00000000E+00   0.00000000E+00
   1.06800000E+02   0.00000000E+00   0.00000000E+00   0.00000000E+00
   1.07000000E+02   0.00000000E+00   0.00000000E+00   0.00000000E+00
   1.07200000E+02   0.00000000E+00   0.00000000E+00   0.00000000E+00
   1.07400000E+02   0.00000000E+00   0.00000000E+00   0.00000000E+00
   1.07600000E+02   0.00000000E+00   0.00000000E+00   0.00000000E+00
   1.07800000E+02   0.00000000E+00   0.00000000E+00   0.00000000E+00
   1.08000000E+02   0.00000000E+00   0.00000000E+00   0.00000000E+00
   1.08200000E+02   0.00000000E+00   0.00000000E+00   0.00000000E+00
   1.08400000E+02   0.00000000E+00   0.00000000E+00   0.00000000E+00
   1.08600000E+02   0.00000000E+00   0.00000000E+00   0.00000000E+00
   1.08800000E+02   0.00000000E+00   0.00000000E+00   0.00000000E+00
   1.09000000E+02   0.00000000E+00   0.00000000E+00   0.00000000E+00
   1.09200000E+02   0.00000000E+00   0.00000000E+00   0.00000000E+00
   1.09400000E+02   0.00000000E+00   0.00000000E+00   0.00000000E+00
   1.09600000E+02   0.00000000E+00   0.00000000E+00   0.00000000E+00
   1.09800000E+02   0.00000000E+00   0.00000000E+00   0.00000000E+00
   1.10000000E+02   0.00000000E+00   0.00000000E+00   0.00000000E+00
   1.10200000E+02   0.00000000E+00   0.00000000E+00   0.00000000E+00
   1.10400000E+02   0.00000000E+00   0.00000000E+00   0.00000000E+00
   1.10600000E+02   0.00000000E+00   0.00000000E+00   0.00000000E+00
   1.10800000E+02   0.00000000E+00   0.00000000E+00   0.00000000E+00
   1.11000000E+02   0.00000000E+00   0.00000000E+00   0.00000000E+00
   1.11200000E+02   0.00000000E+00   0.00000000E+00   0.00000000E+00
   1.11400000E+02   0.00000000E+00   0.00000000E+00   0.00000000E+00
   1.11600000E+02   0.00000000E+00   0.00000000E+00   0.00000000E+00
   1.11800000E+02   0.00000000E+00   0.00000000E+00   0.00000000E+00
   1.12000000E+02   0.00000000E+00   0.00000000E+00   0.00000000E+00
   1.12200000E+02   0.00000000E+00   0.00000000E+00   0.00000000E+00
   1.12400000E+02   0.00000000E+00   0.00000000E+00   0.00000000E+00
   1.12600000E+02   0.00000000E+00   0.00000000E+00   0.00000000E+00
   1.12800000E+02   0.00000000E+00   0.00000000E+00   0.00000000E+00
   1.13000000E+02   0.00000000E+00   0.00000000E+00   0.00000000E+00
   1.13200000E+02   0.00000000E+00   0.00000000E+00   0.00000000E+00
   1.13400000E+02   0.00000000E+00   0.00000000E+00   0.00000000E+00
   1.13600000E+02   0.00000000E+00   0.00000000E+00   0.00000000E+00
   1.13800000E+02   0.00000000E+00   0.00000000E+00   0.00000000E+00
   1.14000000E+02   0.00000000E+00   0.00000000E+00   0.00000000E+00
   1.14200000E+02   0.00000000E+00   0.00000000E+00   0.00000000E+00
   1.14400000E+02   0.00000000E+00   0.00000000E+00   0.00000000E+00
   1.14600000E+02   0.00000000E+00   0.00000000E+00   0.00000000E+00
   1.14800000E+02   0.00000000E+00   0.00000000E+00   0.00000000E+00
   1.15000000E+02   0.00000000E+00   0.00000000E+00   0.00000000E+00
   1.15200000E+02   0.00000000E+00   0.00000000E+00   0.00000000E+00
   1.15400000E+02   0.00000000E+00   0.00000000E+00   0.00000000E+00
   1.15600000E+02   0.00000000E+00   0.00000000E+00   0.00000000E+00
   1.15800000E+02   0.00000000E+00   0.00000000E+00   0.00000000E+00
   1.16000000E+02   0.00000000E+00   0.00000000E+00   0.00000000E+00
   1.16200000E+02   0.00000000E+00   0.00000000E+00   0.00000000E+00
   1.16400000E+02   0.00000000E+00   0.00000000E+00   0.00000000E+00
   1.16600000E+02   0.00000000E+00   0.00000000E+00   0.00000000E+00
   1.16800000E+02   0.00000000E+00   0.00000000E+00   0.00000000E+00
   1.17000000E+02   0.00000000E+00   0.00000000E+00   0.00000000E+00
   1.17200000E+02   0.00000000E+00   0.00000000E+00   0.00000000E+00
   1.17400000E+02   0.00000000E+00   0.00000000E+00   0.00000000E+00
   1.17600000E+02   0.00000000E+00   0.00000000E+00   0.00000000E+00
   1.17800000E+02   0.00000000E+00   0.00000000E+00   0.00000000E+00
   1.18000000E+02   0.00000000E+00   0.00000000E+00   0.00000000E+00
   1.18200000E+02   0.00000000E+00   0.00000000E+00   0.00000000E+00
   1.18400000E+02   0.00000000E+00   0.00000000E+00   0.00000000E+00
   1.18600000E+02   0.00000000E+00   0.00000000E+00   0.00000000E+00
   1.18800000E+02   0.00000000E+00   0.00000000E+00   0.00000000E+00
   1.19000000E+02   0.00000000E+00   0.00000000E+00   0.00000000E+00
   1.19200000E+02   0.00000000E+00   0.00000000E+00   0.00000000E+00
   1.19400000E+02   0.00000000E+00   0.00000000E+00   0.00000000E+00
   1.19600000E+02   0.00000000E+00   0.00000000E+00   0.00000000E+00
   1.19800000E+02   0.00000000E+00   0.00000000E+00   0.00000000E+00
   1.20000000E+02   0.00000000E+00   0.00000000E+00   0.00000000E+00
   1.20200000E+02   0.00000000E+00   0.00000000E+00   0.00000000E+00
   1.20400000E+02   0.00000000E+00   0.00000000E+00   0.00000000E+00
   1.20600000E+02   0.00000000E+00   0.00000000E+00   0.00000000E+00
   1.20800000E+02   0.00000000E+00   0.00000000E+00   0.00000000E+00
   1.21000000E+02   0.00000000E+00   0.00000000E+00   0.00000000E+00
   1.21200000E+02   0.00000000E+00   0.00000000E+00   0.00000000E+00
   1.21400000E+02   0.00000000E+00   0.00000000E+00   0.00000000E+00
   1.21600000E+02   0.00000000E+00   0.00000000E+00   0.00000000E+00
   1.21800000E+02   0.00000000E+00   0.00000000E+00   0.00000000E+00
   1.22000000E+02   0.00000000E+00   0.00000000E+00   0.00000000E+00
   1.22200000E+02   0.00000000E+00   0.00000000E+00   0.00000000E+00
   1.22400000E+02   0.00000000E+00   0.00000000E+00   0.00000000E+00
   1.22600000E+02   0.00000000E+00   0.00000000E+00   0.00000000E+00
   1.22800000E+02   0.00000000E+00   0.00000000E+00   0.00000000E+00
   1.23000000E+02   0.00000000E+00   0.00000000E+00   0.00000000E+00
   1.23200000E+02   0.00000000E+00   0.00000000E+00   0.00000000E+00
   1.23400000E+02   0.00000000E+00   0.00000000E+00   0.00000000E+00
   1.23600000E+02   0.00000000E+00   0.00000000E+00   0.00000000E+00
   1.23800000E+02   0.00000000E+00   0.00000000E+00   0.00000000E+00
   1.24000000E+02   0.00000000E+00   0.00000000E+00   0.00000000E+00
   1.24200000E+02   0.00000000E+00   0.00000000E+00   0.00000000E+00
   1.24400000E+02   0.00000000E+00   0.00000000E+00   0.00000000E+00
   1.24600000E+02   0.00000000E+00   0.00000000E+00   0.00000000E+00
   1.24800000E+02   0.00000000E+00   0.00000000E+00   0.00000000E+00
   1.25000000E+02   0.00000000E+00   0.00000000E+00   0.00000000E+00
   1.25200000E+02   0.00000000E+00   0.00000000E+00   0.00000000E+00
   1.25400000E+02   0.00000000E+00   0.00000000E+00   0.00000000E+00
   1.25600000E+02   0.00000000E+00   0.00000000E+00   0.00000000E+00
   1.25800000E+02   0.00000000E+00   0.00000000E+00   0.00000000E+00
   1.26000000E+02   0.00000000E+00   0.00000000E+00   0.00000000E+00
   1.26200000E+02   0.00000000E+00   0.00000000E+00   0.00000000E+00
   1.26400000E+02   0.00000000E+00   0.00000000E+00   0.00000000E+00
   1.26600000E+02   0.00000000E+00   0.00000000E+00   0.00000000E+00
   1.26800000E+02   0.00000000E+00   0.00000000E+00   0.00000000E+00
   1.27000000E+02   0.00000000E+00   0.00000000E+00   0.00000000E+00
   1.27200000E+02   0.00000000E+00   0.00000000E+00   0.00000000E+00
   1.27400000E+02   0.00000000E+00   0.00000000E+00   0.00000000E+00
   1.27600000E+02   0.00000000E+00   0.00000000E+00   0.00000000E+00
   1.27800000E+02   0.00000000E+00   0.00000000E+00   0.00000000E+00
   1.28000000E+02   0.00000000E+00   0.00000000E+00   0.00000000E+00
   1.28200000E+02   0.00000000E+00   0.00000000E+00   0.00000000E+00
   1.28400000E+02   0.00000000E+00   0.00000000E+00   0.00000000E+00
   1.28600000E+02   0.00000000E+00   0.00000000E+00   0.00000000E+00
   1.28800000E+02   0.00000000E+00   0.00000000E+00   0.00000000E+00
   1.29000000E+02   0.00000000E+00   0.00000000E+00   0.00000000E+00
   1.29200000E+02   0.00000000E+00   0.00000000E+00   0.00000000E+00
   1.29400000E+02   0.00000000E+00   0.00000000E+00   0.00000000E+00
   1.29600000E+02   0.00000000E+00   0.00000000E+00   0.00000000E+00
   1.29800000E+02   0.00000000E+00   0.00000000E+00   0.00000000E+00
   1.30000000E+02   0.00000000E+00   0.00000000E+00   0.00000000E+00
   1.30200000E+02   0.00000000E+00   0.00000000E+00   0.00000000E+00
   1.30400000E+02   0.00000000E+00   0.00000000E+00   0.00000000E+00
   1.30600000E+02   0.00000000E+00   0.00000000E+00   0.00000000E+00
   1.30800000E+02   0.00000000E+00   0.00000000E+00   0.00000000E+00
   1.31000000E+02   0.00000000E+00   0.00000000E+00   0.00000000E+00
   1.31200000E+02   0.00000000E+00   0.00000000E+00   0.00000000E+00
   1.31400000E+02   0.00000000E+00   0.00000000E+00   0.00000000E+00
   1.31600000E+02   0.00000000E+00   0.00000000E+00   0.00000000E+00
   1.31800000E+02   0.00000000E+00   0.00000000E+00   0.00000000E+00
   1.32000000E+02   0.00000000E+00   0.00000000E+00   0.00000000E+00
   1.32200000E+02   0.00000000E+00   0.00000000E+00   0.00000000E+00
   1.32400000E+02   0.00000000E+00   0.00000000E+00   0.00000000E+00
   1.32600000E+02   0.00000000E+00   0.00000000E+00   0.00000000E+00
   1.32800000E+02   0.00000000E+00   0.00000000E+00   0.00000000E+00
   1.33000000E+02   0.00000000E+00   0.00000000E+00   0.00000000E+00
   1.33200000E+02   0.00000000E+00   0.00000000E+00   0.00000000E+00
   1.33400000E+02   0.00000000E+00   0.00000000E+00   0.00000000E+00
   1.33600000E+02   0.00000000E+00   0.00000000E+00   0.00000000E+00
   1.33800000E+02   0.00000000E+00   0.00000000E+00   0.00000000E+00
   1.34000000E+02   0.00000000E+00   0.00000000E+00   0.00000000E+00
   1.34200000E+02   0.00000000E+00   0.00000000E+00   0.00000000E+00
   1.34400000E+02   0.00000000E+00   0.00000000E+00   0.00000000E+00
   1.34600000E+02   0.00000000E+00   0.00000000E+00   0.00000000E+00
   1.34800000E+02   0.00000000E+00   0.00000000E+00   0.00000000E+00
   1.35000000E+02   0.00000000E+00   0.00000000E+00   0.00000000E+00
   1.35200000E+02   0.00000000E+00   0.00000000E+00   0.00000000E+00
   1.35400000E+02   0.00000000E+00   0.00000000E+00   0.00000000E+00
   1.35600000E+02   0.00000000E+00   0.00000000E+00   0.00000000E+00
   1.35800000E+02   0.00000000E+00   0.00000000E+00   0.00000000E+00
   1.36000000E+02   0.00000000E+00   0.00000000E+00   0.00000000E+00
   1.36200000E+02   0.00000000E+00   0.00000000E+00   0.00000000E+00
   1.36400000E+02   0.00000000E+00   0.00000000E+00   0.00000000E+00
   1.36600000E+02   0.00000000E+00   0.00000000E+00   0.00000000E+00
   1.36800000E+02   0.00000000E+00   0.00000000E+00   0.00000000E+00
   1.37000000E+02   0.00000000E+00   0.00000000E+00   0.00000000E+00
   1.37200000E+02   0.00000000E+00   0.00000000E+00   0.00000000E+00
   1.37400000E+02   0.00000000E+00   0.00000000E+00   0.00000000E+00
   1.37600000E+02   0.00000000E+00   0.00000000E+00   0.00000000E+00
   1.37800000E+02   0.00000000E+00   0.00000000E+00   0.00000000E+00
   1.38000000E+02   0.00000000E+00   0.00000000E+00   0.00000000E+00
   1.38200000E+02   0.00000000E+00   0.00000000E+00   0.00000000E+00
   1.38400000E+02   0.00000000E+00   0.00000000E+00   0.00000000E+00
   1.38600000E+02   0.00000000E+00   0.00000000E+00   0.00000000E+00
   1.38800000E+02   0.00000000E+00   0.00000000E+00   0.00000000E+00
   1.39000000E+02   0.00000000E+00   0.00000000E+00   0.00000000E+00
   1.39200000E+02   0.00000000E+00   0.00000000E+00   0.00000000E+00
   1.39400000E+02   0.00000000E+00   0.00000000E+00   0.00000000E+00
   1.39600000E+02   0.00000000E+00   0.00000000E+00   0.00000000E+00
   1.39800000E+02   0.00000000E+00   0.00000000E+00   0.00000000E+00
   1.40000000E+02   0.00000000E+00   0.00000000E+00   0.00000000E+00
   1.40200000E+02   0.00000000E+00   0.00000000E+00   0.00000000E+00
   1.40400000E+02   0.00000000E+00   0.00000000E+00   0.00000000E+00
   1.40600000E+02   0.00000000E+00   0.00000000E+00   0.00000000E+00
   1.40800000E+02   0.00000000E+00   0.00000000E+00   0.00000000E+00
   1.41000000E+02   0.00000000E+00   0.00000000E+00   0.00000000E+00
   1.41200000E+02   0.00000000E+00   0.00000000E+00   0.00000000E+00
   1.41400000E+02   0.00000000E+00   0.00000000E+00   0.00000000E+00
   1.41600000E+02   0.00000000E+00   0.00000000E+00   0.00000000E+00
   1.41800000E+02   0.00000000E+00   0.00000000E+00   0.00000000E+00
   1.42000000E+02   0.00000000E+00   0.00000000E+00   0.00000000E+00
   1.42200000E+02   0.00000000E+00   0.00000000E+00   0.00000000E+00
   1.42400000E+02   0.00000000E+00   0.00000000E+00   0.00000000E+00
   1.42600000E+02   0.00000000E+00   0.00000000E+00   0.00000000E+00
   1.42800000E+02   0.00000000E+00   0.00000000E+00   0.00000000E+00
   1.43000000E+02   0.00000000E+00   0.00000000E+00   0.00000000E+00
   1.43200000E+02   0.00000000E+00   0.00000000E+00   0.00000000E+00
   1.43400000E+02   0.00000000E+00   0.00000000E+00   0.00000000E+00
   1.43600000E+02   0.00000000E+00   0.00000000E+00   0.00000000E+00
   1.43800000E+02   0.00000000E+00   0.00000000E+00   0.00000000E+00
   1.44000000E+02   0.00000000E+00   0.00000000E+00   0.00000000E+00
   1.44200000E+02   0.00000000E+00   0.00000000E+00   0.00000000E+00
   1.44400000E+02   0.00000000E+00   0.00000000E+00   0.00000000E+00
   1.44600000E+02   0.00000000E+00   0.00000000E+00   0.00000000E+00
   1.44800000E+02   0.00000000E+00   0.00000000E+00   0.00000000E+00
   1.45000000E+02   0.00000000E+00   0.00000000E+00   0.00000000E+00
   1.45200000E+02   0.00000000E+00   0.00000000E+00   0.00000000E+00
   1.45400000E+02   0.00000000E+00   0.00000000E+00   0.00000000E+00
   1.45600000E+02   0.00000000E+00   0.00000000E+00   0.00000000E+00
   1.45800000E+02   0.00000000E+00   0.00000000E+00   0.00000000E+00
   1.46000000E+02   0.00000000E+00   0.00000000E+00   0.00000000E+00
   1.46200000E+02   0.00000000E+00   0.00000000E+00   0.00000000E+00
   1.46400000E+02   0.00000000E+00   0.00000000E+00   0.00000000E+00
   1.46600000E+02   0.00000000E+00   0.00000000E+00   0.00000000E+00
   1.46800000E+02   0.00000000E+00   0.00000000E+00   0.00000000E+00
   1.47000000E+02   0.00000000E+00   0.00000000E+00   0.00000000E+00
   1.47200000E+02   0.00000000E+00   0.00000000E+00   0.00000000E+00
   1.47400000E+02   0.00000000E+00   0.00000000E+00   0.00000000E+00
   1.47600000E+02   0.00000000E+00   0.00000000E+00   0.00000000E+00
   1.47800000E+02   0.00000000E+00   0.00000000E+00   0.00000000E+00
   1.48000000E+02   0.00000000E+00   0.00000000E+00   0.00000000E+00
   1.48200000E+02   0.00000000E+00   0.00000000E+00   0.00000000E+00
   1.48400000E+02   0.00000000E+00   0.00000000E+00   0.00000000E+00
   1.48600000E+02   0.00000000E+00   0.00000000E+00   0.00000000E+00
   1.48800000E+02   0.00000000E+00   0.00000000E+00   0.00000000E+00
   1.49000000E+02   0.00000000E+00   0.00000000E+00   0.00000000E+00
   1.49200000E+02   0.00000000E+00   0.00000000E+00   0.00000000E+00
   1.49400000E+02   0.00000000E+00   0.00000000E+00   0.00000000E+00
   1.49600000E+02   0.00000000E+00   0.00000000E+00   0.00000000E+00
   1.49800000E+02   0.00000000E+00   0.00000000E+00   0.00000000E+00
   1.50000000E+02   0.00000000E+00   0.00000000E+00   0.00000000E+00
   1.50200000E+02   0.00000000E+00   0.00000000E+00   0.00000000E+00
   1.50400000E+02   0.00000000E+00   0.00000000E+00   0.00000000E+00
   1.50600000E+02   0.00000000E+00   0.00000000E+00   0.00000000E+00
   1.50800000E+02   0.00000000E+00   0.00000000E+00   0.00000000E+00
   1.51000000E+02   0.00000000E+00   0.00000000E+00   0.00000000E+00
   1.51200000E+02   0.00000000E+00   0.00000000E+00   0.00000000E+00
   1.51400000E+02   0.00000000E+00   0.00000000E+00   0.00000000E+00
   1.51600000E+02   0.00000000E+00   0.00000000E+00   0.00000000E+00
   1.51800000E+02   0.00000000E+00   0.00000000E+00   0.00000000E+00
   1.52000000E+02   0.00000000E+00   0.00000000E+00   0.00000000E+00
   1.52200000E+02   0.00000000E+00   0.00000000E+00   0.00000000E+00
   1.52400000E+02   0.00000000E+00   0.00000000E+00   0.00000000E+00
   1.52600000E+02   0.00000000E+00   0.00000000E+00   0.00000000E+00
   1.52800000E+02   0.00000000E+00   0.00000000E+00   0.00000000E+00
   1.53000000E+02   0.00000000E+00   0.00000000E+00   0.00000000E+00
   1.53200000E+02   0.00000000E+00   0.00000000E+00   0.00000000E+00
   1.53400000E+02   0.00000000E+00   0.00000000E+00   0.00000000E+00
   1.53600000E+02   0.00000000E+00   0.00000000E+00   0.00000000E+00
   1.53800000E+02   0.00000000E+00   0.00000000E+00   0.00000000E+00
   1.54000000E+02   0.00000000E+00   0.00000000E+00   0.00000000E+00
   1.54200000E+02   0.00000000E+00   0.00000000E+00   0.00000000E+00
   1.54400000E+02   0.00000000E+00   0.00000000E+00   0.00000000E+00
   1.54600000E+02   0.00000000E+00   0.00000000E+00   0.00000000E+00
   1.54800000E+02   0.00000000E+00   0.00000000E+00   0.00000000E+00
   1.55000000E+02   0.00000000E+00   0.00000000E+00   0.00000000E+00
   1.55200000E+02   0.00000000E+00   0.00000000E+00   0.00000000E+00
   1.55400000E+02   0.00000000E+00   0.00000000E+00   0.00000000E+00
   1.55600000E+02   0.00000000E+00   0.00000000E+00   0.00000000E+00
   1.55800000E+02   0.00000000E+00   0.00000000E+00   0.00000000E+00
   1.56000000E+02   0.00000000E+00   0.00000000E+00   0.00000000E+00
   1.56200000E+02   0.00000000E+00   0.00000000E+00   0.00000000E+00
   1.56400000E+02   0.00000000E+00   0.00000000E+00   0.00000000E+00
   1.56600000E+02   0.00000000E+00   0.00000000E+00   0.00000000E+00
   1.56800000E+02   0.00000000E+00   0.00000000E+00   0.00000000E+00
   1.57000000E+02   0.00000000E+00   0.00000000E+00   0.00000000E+00
   1.57200000E+02   0.00000000E+00   0.00000000E+00   0.00000000E+00
   1.57400000E+02   0.00000000E+00   0.00000000E+00   0.00000000E+00
   1.57600000E+02   0.00000000E+00   0.00000000E+00   0.00000000E+00
   1.57800000E+02   0.00000000E+00   0.00000000E+00   0.00000000E+00
   1.58000000E+02   0.00000000E+00   0.00000000E+00   0.00000000E+00
   1.58200000E+02   0.00000000E+00   0.00000000E+00   0.00000000E+00
   1.58400000E+02   0.00000000E+00   0.00000000E+00   0.00000000E+00
   1.58600000E+02   0.00000000E+00   0.00000000E+00   0.00000000E+00
   1.58800000E+02   0.00000000E+00   0.00000000E+00   0.00000000E+00
   1.59000000E+02   0.00000000E+00   0.00000000E+00   0.00000000E+00
   1.59200000E+02   0.00000000E+00   0.00000000E+00   0.00000000E+00
   1.59400000E+02   0.00000000E+00   0.00000000E+00   0.00000000E+00
   1.59600000E+02   0.00000000E+00   0.00000000E+00   0.00000000E+00
   1.59800000E+02   0.00000000E+00   0.00000000E+00   0.00000000E+00
   1.60000000E+02   0.00000000E+00   0.00000000E+00   0.00000000E+00
   1.60200000E+02   0.00000000E+00   0.00000000E+00   0.00000000E+00
   1.60400000E+02   0.00000000E+00   0.00000000E+00   0.00000000E+00
   1.60600000E+02   0.00000000E+00   0.00000000E+00   0.00000000E+00
   1.60800000E+02   0.00000000E+00   0.00000000E+00   0.00000000E+00
   1.61000000E+02   0.00000000E+00   0.00000000E+00   0.00000000E+00
   1.61200000E+02   0.00000000E+00   0.00000000E+00   0.00000000E+00
   1.61400000E+02   0.00000000E+00   0.00000000E+00   0.00000000E+00
   1.61600000E+02   0.00000000E+00   0.00000000E+00   0.00000000E+00
   1.61800000E+02   0.00000000E+00   0.00000000E+00   0.00000000E+00
   1.62000000E+02   0.00000000E+00   0.00000000E+00   0.00000000E+00
   1.62200000E+02   0.00000000E+00   0.00000000E+00   0.00000000E+00
   1.62400000E+02   0.00000000E+00   0.00000000E+00   0.00000000E+00
   1.62600000E+02   0.00000000E+00   0.00000000E+00   0.00000000E+00
   1.62800000E+02   0.00000000E+00   0.00000000E+00   0.00000000E+00
   1.63000000E+02   0.00000000E+00   0.00000000E+00   0.00000000E+00
   1.63200000E+02   0.00000000E+00   0.00000000E+00   0.00000000E+00
   1.63400000E+02   0.00000000E+00   0.00000000E+00   0.00000000E+00
   1.63600000E+02   0.00000000E+00   0.00000000E+00   0.00000000E+00
   1.63800000E+02   0.00000000E+00   0.00000000E+00   0.00000000E+00
   1.64000000E+02   0.00000000E+00   0.00000000E+00   0.00000000E+00
   1.64200000E+02   0.00000000E+00   0.00000000E+00   0.00000000E+00
   1.64400000E+02   0.00000000E+00   0.00000000E+00   0.00000000E+00
   1.64600000E+02   0.00000000E+00   0.00000000E+00   0.00000000E+00
   1.64800000E+02   0.00000000E+00   0.00000000E+00   0.00000000E+00
   1.65000000E+02   0.00000000E+00   0.00000000E+00   0.00000000E+00
   1.65200000E+02   0.00000000E+00   0.00000000E+00   0.00000000E+00
   1.65400000E+02   0.00000000E+00   0.00000000E+00   0.00000000E+00
   1.65600000E+02   0.00000000E+00   0.00000000E+00   0.00000000E+00
   1.65800000E+02   0.00000000E+00   0.00000000E+00   0.00000000E+00
   1.66000000E+02   0.00000000E+00   0.00000000E+00   0.00000000E+00
   1.66200000E+02   0.00000000E+00   0.00000000E+00   0.00000000E+00
   1.66400000E+02   0.00000000E+00   0.00000000E+00   0.00000000E+00
   1.66600000E+02   0.00000000E+00   0.00000000E+00   0.00000000E+00
   1.66800000E+02   0.00000000E+00   0.00000000E+00   0.00000000E+00
   1.67000000E+02   0.00000000E+00   0.00000000E+00   0.00000000E+00
   1.67200000E+02   0.00000000E+00   0.00000000E+00   0.00000000E+00
   1.67400000E+02   0.00000000E+00   0.00000000E+00   0.00000000E+00
   1.67600000E+02   0.00000000E+00   0.00000000E+00   0.00000000E+00
   1.67800000E+02   0.00000000E+00   0.00000000E+00   0.00000000E+00
   1.68000000E+02   0.00000000E+00   0.00000000E+00   0.00000000E+00
   1.68200000E+02   0.00000000E+00   0.00000000E+00   0.00000000E+00
   1.68400000E+02   0.00000000E+00   0.00000000E+00   0.00000000E+00
   1.68600000E+02   0.00000000E+00   0.00000000E+00   0.00000000E+00
   1.68800000E+02   0.00000000E+00   0.00000000E+00   0.00000000E+00
   1.69000000E+02   0.00000000E+00   0.00000000E+00   0.00000000E+00
   1.69200000E+02   0.00000000E+00   0.00000000E+00   0.00000000E+00
   1.69400000E+02   0.00000000E+00   0.00000000E+00   0.00000000E+00
   1.69600000E+02   0.00000000E+00   0.00000000E+00   0.00000000E+00
   1.69800000E+02   0.00000000E+00   0.00000000E+00   0.00000000E+00
   1.70000000E+02   0.00000000E+00   0.00000000E+00   0.00000000E+00
   1.70200000E+02   0.00000000E+00   0.00000000E+00   0.00000000E+00
   1.70400000E+02   0.00000000E+00   0.00000000E+00   0.00000000E+00
   1.70600000E+02   0.00000000E+00   0.00000000E+00   0.00000000E+00
   1.70800000E+02   0.00000000E+00   0.00000000E+00   0.00000000E+00
   1.71000000E+02   0.00000000E+00   0.00000000E+00   0.00000000E+00
   1.71200000E+02   0.00000000E+00   0.00000000E+00   0.00000000E+00
   1.71400000E+02   0.00000000E+00   0.00000000E+00   0.00000000E+00
   1.71600000E+02   0.00000000E+00   0.00000000E+00   0.00000000E+00
   1.71800000E+02   0.00000000E+00   0.00000000E+00   0.00000000E+00
   1.72000000E+02   0.00000000E+00   0.00000000E+00   0.00000000E+00
   1.72200000E+02   0.00000000E+00   0.00000000E+00   0.00000000E+00
   1.72400000E+02   0.00000000E+00   0.00000000E+00   0.00000000E+00
   1.72600000E+02   0.00000000E+00   0.00000000E+00   0.00000000E+00
   1.72800000E+02   0.00000000E+00   0.00000000E+00   0.00000000E+00
   1.73000000E+02   0.00000000E+00   0.00000000E+00   0.00000000E+00
   1.73200000E+02   0.00000000E+00   0.00000000E+00   0.00000000E+00
   1.73400000E+02   0.00000000E+00   0.00000000E+00   0.00000000E+00
   1.73600000E+02   0.00000000E+00   0.00000000E+00   0.00000000E+00
   1.73800000E+02   0.00000000E+00   0.00000000E+00   0.00000000E+00
   1.74000000E+02   0.00000000E+00   0.00000000E+00   0.00000000E+00
   1.74200000E+02   0.00000000E+00   0.00000000E+00   0.00000000E+00
   1.74400000E+02   0.00000000E+00   0.00000000E+00   0.00000000E+00
   1.74600000E+02   0.00000000E+00   0.00000000E+00   0.00000000E+00
   1.74800000E+02   0.00000000E+00   0.00000000E+00   0.00000000E+00
   1.75000000E+02   0.00000000E+00   0.00000000E+00   0.00000000E+00
   1.75200000E+02   0.00000000E+00   0.00000000E+00   0.00000000E+00
   1.75400000E+02   0.00000000E+00   0.00000000E+00   0.00000000E+00
   1.75600000E+02   0.00000000E+00   0.00000000E+00   0.00000000E+00
   1.75800000E+02   0.00000000E+00   0.00000000E+00   0.00000000E+00
   1.76000000E+02   0.00000000E+00   0.00000000E+00   0.00000000E+00
   1.76200000E+02   0.00000000E+00   0.00000000E+00   0.00000000E+00
   1.76400000E+02   0.00000000E+00   0.00000000E+00   0.00000000E+00
   1.76600000E+02   0.00000000E+00   0.00000000E+00   0.00000000E+00
   1.76800000E+02   0.00000000E+00   0.00000000E+00   0.00000000E+00
   1.77000000E+02   0.00000000E+00   0.00000000E+00   0.00000000E+00
   1.77200000E+02   0.00000000E+00   0.00000000E+00   0.00000000E+00
   1.77400000E+02   0.00000000E+00   0.00000000E+00   0.00000000E+00
   1.77600000E+02   0.00000000E+00   0.00000000E+00   0.00000000E+00
   1.77800000E+02   0.00000000E+00   0.00000000E+00   0.00000000E+00
   1.78000000E+02   0.00000000E+00   0.00000000E+00   0.00000000E+00
   1.78200000E+02   0.00000000E+00   0.00000000E+00   0.00000000E+00
   1.78400000E+02   0.00000000E+00   0.00000000E+00   0.00000000E+00
   1.78600000E+02   0.00000000E+00   0.00000000E+00   0.00000000E+00
   1.78800000E+02   0.00000000E+00   0.00000000E+00   0.00000000E+00
   1.79000000E+02   0.00000000E+00   0.00000000E+00   0.00000000E+00
   1.79200000E+02   0.00000000E+00   0.00000000E+00   0.00000000E+00
   1.79400000E+02   0.00000000E+00   0.00000000E+00   0.00000000E+00
   1.79600000E+02   0.00000000E+00   0.00000000E+00   0.00000000E+00
   1.79800000E+02   0.00000000E+00   0.00000000E+00   0.00000000E+00
   1.80000000E+02   0.00000000E+00   0.00000000E+00   0.00000000E+00
   1.80200000E+02   0.00000000E+00   0.00000000E+00   0.00000000E+00
   1.80400000E+02   0.00000000E+00   0.00000000E+00   0.00000000E+00
   1.80600000E+02   0.00000000E+00   0.00000000E+00   0.00000000E+00
   1.80800000E+02   0.00000000E+00   0.00000000E+00   0.00000000E+00
   1.81000000E+02   0.00000000E+00   0.00000000E+00   0.00000000E+00
   1.81200000E+02   0.00000000E+00   0.00000000E+00   0.00000000E+00
   1.81400000E+02   0.00000000E+00   0.00000000E+00   0.00000000E+00
   1.81600000E+02   0.00000000E+00   0.00000000E+00   0.00000000E+00
   1.81800000E+02   0.00000000E+00   0.00000000E+00   0.00000000E+00
   1.82000000E+02   0.00000000E+00   0.00000000E+00   0.00000000E+00
   1.82200000E+02   0.00000000E+00   0.00000000E+00   0.00000000E+00
   1.82400000E+02   0.00000000E+00   0.00000000E+00   0.00000000E+00
   1.82600000E+02   0.00000000E+00   0.00000000E+00   0.00000000E+00
   1.82800000E+02   0.00000000E+00   0.00000000E+00   0.00000000E+00
   1.83000000E+02   0.00000000E+00   0.00000000E+00   0.00000000E+00
   1.83200000E+02   0.00000000E+00   0.00000000E+00   0.00000000E+00
   1.83400000E+02   0.00000000E+00   0.00000000E+00   0.00000000E+00
   1.83600000E+02   0.00000000E+00   0.00000000E+00   0.00000000E+00
   1.83800000E+02   0.00000000E+00   0.00000000E+00   0.00000000E+00
   1.84000000E+02   0.00000000E+00   0.00000000E+00   0.00000000E+00
   1.84200000E+02   0.00000000E+00   0.00000000E+00   0.00000000E+00
   1.84400000E+02   0.00000000E+00   0.00000000E+00   0.00000000E+00
   1.84600000E+02   0.00000000E+00   0.00000000E+00   0.00000000E+00
   1.84800000E+02   0.00000000E+00   0.00000000E+00   0.00000000E+00
   1.85000000E+02   0.00000000E+00   0.00000000E+00   0.00000000E+00
   1.85200000E+02   0.00000000E+00   0.00000000E+00   0.00000000E+00
   1.85400000E+02   0.00000000E+00   0.00000000E+00   0.00000000E+00
   1.85600000E+02   0.00000000E+00   0.00000000E+00   0.00000000E+00
   1.85800000E+02   0.00000000E+00   0.00000000E+00   0.00000000E+00
   1.86000000E+02   0.00000000E+00   0.00000000E+00   0.00000000E+00
   1.86200000E+02   0.00000000E+00   0.00000000E+00   0.00000000E+00
   1.86400000E+02   0.00000000E+00   0.00000000E+00   0.00000000E+00
   1.86600000E+02   0.00000000E+00   0.00000000E+00   0.00000000E+00
   1.86800000E+02   0.00000000E+00   0.00000000E+00   0.00000000E+00
   1.87000000E+02   0.00000000E+00   0.00000000E+00   0.00000000E+00
   1.87200000E+02   0.00000000E+00   0.00000000E+00   0.00000000E+00
   1.87400000E+02   0.00000000E+00   0.00000000E+00   0.00000000E+00
   1.87600000E+02   0.00000000E+00   0.00000000E+00   0.00000000E+00
   1.87800000E+02   0.00000000E+00   0.00000000E+00   0.00000000E+00
   1.88000000E+02   0.00000000E+00   0.00000000E+00   0.00000000E+00
   1.88200000E+02   0.00000000E+00   0.00000000E+00   0.00000000E+00
   1.88400000E+02   0.00000000E+00   0.00000000E+00   0.00000000E+00
   1.88600000E+02   0.00000000E+00   0.00000000E+00   0.00000000E+00
   1.88800000E+02   0.00000000E+00   0.00000000E+00   0.00000000E+00
   1.89000000E+02   0.00000000E+00   0.00000000E+00   0.00000000E+00
   1.89200000E+02   0.00000000E+00   0.00000000E+00   0.00000000E+00
   1.89400000E+02   0.00000000E+00   0.00000000E+00   0.00000000E+00
   1.89600000E+02   0.00000000E+00   0.00000000E+00   0.00000000E+00
   1.89800000E+02   0.00000000E+00   0.00000000E+00   0.00000000E+00
   1.90000000E+02   0.00000000E+00   0.00000000E+00   0.00000000E+00
   1.90200000E+02   0.00000000E+00   0.00000000E+00   0.00000000E+00
   1.90400000E+02   0.00000000E+00   0.00000000E+00   0.00000000E+00
   1.90600000E+02   0.00000000E+00   0.00000000E+00   0.00000000E+00
   1.90800000E+02   0.00000000E+00   0.00000000E+00   0.00000000E+00
   1.91000000E+02   0.00000000E+00   0.00000000E+00   0.00000000E+00
   1.91200000E+02   0.00000000E+00   0.00000000E+00   0.00000000E+00
   1.91400000E+02   0.00000000E+00   0.00000000E+00   0.00000000E+00
   1.91600000E+02   0.00000000E+00   0.00000000E+00   0.00000000E+00
   1.91800000E+02   0.00000000E+00   0.00000000E+00   0.00000000E+00
   1.92000000E+02   0.00000000E+00   0.00000000E+00   0.00000000E+00
   1.92200000E+02   0.00000000E+00   0.00000000E+00   0.00000000E+00
   1.92400000E+02   0.00000000E+00   0.00000000E+00   0.00000000E+00
   1.92600000E+02   0.00000000E+00   0.00000000E+00   0.00000000E+00
   1.92800000E+02   0.00000000E+00   0.00000000E+00   0.00000000E+00
   1.93000000E+02   0.00000000E+00   0.00000000E+00   0.00000000E+00
   1.93200000E+02   0.00000000E+00   0.00000000E+00   0.00000000E+00
   1.93400000E+02   0.00000000E+00   0.00000000E+00   0.00000000E+00
   1.93600000E+02   0.00000000E+00   0.00000000E+00   0.00000000E+00
   1.93800000E+02   0.00000000E+00   0.00000000E+00   0.00000000E+00
   1.94000000E+02   0.00000000E+00   0.00000000E+00   0.00000000E+00
   1.94200000E+02   0.00000000E+00   0.00000000E+00   0.00000000E+00
   1.94400000E+02   0.00000000E+00   0.00000000E+00   0.00000000E+00
   1.94600000E+02   0.00000000E+00   0.00000000E+00   0.00000000E+00
   1.94800000E+02   0.00000000E+00   0.00000000E+00   0.00000000E+00
   1.95000000E+02   0.00000000E+00   0.00000000E+00   0.00000000E+00
   1.95200000E+02   0.00000000E+00   0.00000000E+00   0.00000000E+00
   1.95400000E+02   0.00000000E+00   0.00000000E+00   0.00000000E+00
   1.95600000E+02   0.00000000E+00   0.00000000E+00   0.00000000E+00
   1.95800000E+02   0.00000000E+00   0.00000000E+00   0.00000000E+00
   1.96000000E+02   0.00000000E+00   0.00000000E+00   0.00000000E+00
   1.96200000E+02   0.00000000E+00   0.00000000E+00   0.00000000E+00
   1.96400000E+02   0.00000000E+00   0.00000000E+00   0.00000000E+00
   1.96600000E+02   0.00000000E+00   0.00000000E+00   0.00000000E+00
   1.96800000E+02   0.00000000E+00   0.00000000E+00   0.00000000E+00
   1.97000000E+02   0.00000000E+00   0.00000000E+00   0.00000000E+00
   1.97200000E+02   0.00000000E+00   0.00000000E+00   0.00000000E+00
   1.97400000E+02   0.00000000E+00   0.00000000E+00   0.00000000E+00
   1.97600000E+02   0.00000000E+00   0.00000000E+00   0.00000000E+00
   1.97800000E+02   0.00000000E+00   0.00000000E+00   0.00000000E+00
   1.98000000E+02   0.00000000E+00   0.00000000E+00   0.00000000E+00
   1.98200000E+02   0.00000000E+00   0.00000000E+00   0.00000000E+00
   1.98400000E+02   0.00000000E+00   0.00000000E+00   0.00000000E+00
   1.98600000E+02   0.00000000E+00   0.00000000E+00   0.00000000E+00
   1.98800000E+02   0.00000000E+00   0.00000000E+00   0.00000000E+00
   1.99000000E+02   0.00000000E+00   0.00000000E+00   0.00000000E+00
   1.99200000E+02   0.00000000E+00   0.00000000E+00   0.00000000E+00
   1.99400000E+02   0.00000000E+00   0.00000000E+00   0.00000000E+00
   1.99600000E+02   0.00000000E+00   0.00000000E+00   0.00000000E+00
   1.99800000E+02   0.00000000E+00   0.00000000E+00   0.00000000E+00
   2.00000000E+02   0.00000000E+00   0.00000000E+00   0.00000000E+00
   2.00200000E+02   0.00000000E+00   0.00000000E+00   0.00000000E+00
   2.00400000E+02   0.00000000E+00   0.00000000E+00   0.00000000E+00
   2.00600000E+02   0.00000000E+00   0.00000000E+00   0.00000000E+00
   2.00800000E+02   0.00000000E+00   0.00000000E+00   0.00000000E+00
   2.01000000E+02   0.00000000E+00   0.00000000E+00   0.00000000E+00
   2.01200000E+02   0.00000000E+00   0.00000000E+00   0.00000000E+00
   2.01400000E+02   0.00000000E+00   0.00000000E+00   0.00000000E+00
   2.01600000E+02   0.00000000E+00   0.00000000E+00   0.00000000E+00
   2.01800000E+02   0.00000000E+00   0.00000000E+00   0.00000000E+00
   2.02000000E+02   0.00000000E+00   0.00000000E+00   0.00000000E+00
   2.02200000E+02   0.00000000E+00   0.00000000E+00   0.00000000E+00
   2.02400000E+02   0.00000000E+00   0.00000000E+00   0.00000000E+00
   2.02600000E+02   0.00000000E+00   0.00000000E+00   0.00000000E+00
   2.02800000E+02   0.00000000E+00   0.00000000E+00   0.00000000E+00
   2.03000000E+02   0.00000000E+00   0.00000000E+00   0.00000000E+00
   2.03200000E+02   0.00000000E+00   0.00000000E+00   0.00000000E+00
   2.03400000E+02   0.00000000E+00   0.00000000E+00   0.00000000E+00
   2.03600000E+02   0.00000000E+00   0.00000000E+00   0.00000000E+00
   2.03800000E+02   0.00000000E+00   0.00000000E+00   0.00000000E+00
   2.04000000E+02   0.00000000E+00   0.00000000E+00   0.00000000E+00
   2.04200000E+02   0.00000000E+00   0.00000000E+00   0.00000000E+00
   2.04400000E+02   0.00000000E+00   0.00000000E+00   0.00000000E+00
   2.04600000E+02   0.00000000E+00   0.00000000E+00   0.00000000E+00
