           1   1.0000000000000000        80.000000000000000     
           2  0.99946458747636568        79.893032039244773     
           3  0.99785892323860348        79.573610512964692     
           4  0.99518472667219693        79.046131608487173     
           5  0.99144486137381038        78.317755937084740     
           6  0.98664333208487898        77.398169976175438     
           7  0.98078528040323043        76.299272945941894     
           8  0.97387697927733363        75.034807508178488     
           9  0.96592582628906831        73.619954795010472     
          10  0.95694033573220882        72.070914652472183     
          11  0.94693012949510569        70.404490764169253     
          12  0.93590592675732576        68.637697809120425     
          13  0.92387953251128674        66.787404408574574     
          14  0.91086382492117579        64.870021762473144     
          15  0.89687274153268837        62.901243971399616     
          16  0.88192126434835505        60.895842416071197     
          17  0.86602540378443871        58.867513459481302     
          18  0.84920218152657889        56.828776281526551     
          19  0.83146961230254524        54.790915895699925     
          20  0.81284668459161524        52.763965302684028     
          21  0.79335334029123528        50.756720226494608     
          22  0.77301045336273699        48.776779846805525     
          23  0.75183980747897738        46.830607268101943     
          24  0.72986407269783571        44.923604038514625     
          25  0.70710678118654757        43.060193748187075     
          26  0.68359230202287136        41.243910516631033     
          27  0.65934581510006895        39.477488958140199     
          28  0.63439328416364560        37.762952949931424     
          29  0.60876142900872066        36.101701191396529     
          30  0.58247769686780226        34.494588119887851     
          31  0.55557023301960240        32.941999233954462     
          32  0.52806785065036810        31.443920271036902     
          33  0.50000000000000011        30.000000000000000     
          34  0.47139673682599781        28.609606628811388     
          35  0.44228869021900147        27.271878004549855     
          36  0.41270702980439494        25.985765907237447     
          37  0.38268343236508984        24.750074820637405     
          38  0.35225004792123360        23.563495611079464     
          39  0.32143946530316170        22.424634567338131     
          40  0.29028467725446250        21.332038257167266     
          41  0.25881904510252096        20.284214644696974     
          42  0.22707626303437345        19.279650891882284     
          43  0.19509032201612833        18.316828239983355     
          44  0.16289547339458882        17.394234336292357     
          45  0.13052619222005171        16.510373338979676     
          46   9.8017140329560770E-002   15.663774100457534     
          47   6.5403129230143270E-002   14.852996698067653     
          48   3.2719082821776387E-002   14.076637550876525     
          49   6.1232339957367660E-017   13.333333333333336     
          50  -3.2719082821776040E-002   12.621763870747069     
          51  -6.5403129230142923E-002   11.940654178064497     
          52  -9.8017140329560423E-002   11.288775782272559     
          53 -0.13052619222005138        10.664947449830438     
          54 -0.16289547339458849        10.068035423736765     
          55 -0.19509032201612797        9.4969532600070341     
          56 -0.22707626303437312        8.9506613403121484     
          57 -0.25881904510252063        8.4281661261437666     
          58 -0.29028467725446216        7.9285192099609576     
          59 -0.32143946530316136        7.4508162101769182     
          60 -0.35225004792123327        6.9941955494154984     
          61 -0.38268343236508950        6.5578371490677743     
          62 -0.41270702980439461        6.1409610676828592     
          63 -0.44228869021900113        5.7428261060214956     
          64 -0.47139673682599731        5.3627283975834157     
          65 -0.49999999999999978        5.0000000000000018     
          66 -0.52806785065036799        4.6540074997815397     
          67 -0.55557023301960196        4.3241506404530616     
          68 -0.58247769686780204        4.0098609820425155     
          69 -0.60876142900872032        3.7106005981453465     
          70 -0.63439328416364538        3.4258608153334436     
          71 -0.65934581510006851        3.1551609984632769     
          72 -0.68359230202287113        2.8980473844317003     
          73 -0.70710678118654746        2.6540919660986426     
          74 -0.72986407269783538        2.4228914274163493     
          75 -0.75183980747897727        2.2040661302532687     
          76 -0.77301045336273666        1.9972591529568244     
          77 -0.79335334029123505        1.8021353803467783     
          78 -0.81284668459161513        1.6183806445556159     
          79 -0.83146961230254501        1.4457009159215712     
          80 -0.84920218152657878        1.2838215429838269     
          81 -0.86602540378443849        1.1324865405187134     
          82 -0.88192126434835494       0.99145792448306636     
          83 -0.89687274153268814       0.86051509269004234     
          84 -0.91086382492117568       0.73945425002790155     
          85 -0.92387953251128674       0.62808787703939906     
          86 -0.93590592675732553       0.52624424070429032     
          87 -0.94693012949510558       0.43376694630708357     
          88 -0.95694033573220871       0.35051452932379656     
          89 -0.96592582628906820       0.27636008632270559     
          90 -0.97387697927733352       0.21119094394336058     
          91 -0.98078528040323043       0.15490836509354314     
          92 -0.98664333208487898       0.10742729158445395     
          93 -0.99144486137381038        6.8676122508865955E-002
          94 -0.99518472667219682        3.8596527754682634E-002
          95 -0.99785892323860348        1.7143296136360689E-002
          96 -0.99946458747636568        4.2842177186027302E-003
          97  -1.0000000000000000        0.0000000000000000     
