
 donnees :
     ysl          =    20.000000000000000     
     ymax         =    80.000000000000000     
     nx, ny       =         1024          97
     xa et xb     =    0.0000000000000000        204.60000000000002     
     reyb         =    743.58226064180201     
     reybosse     =    521.45154087338221     
     pasx et past =   0.20000000000000001        1.0000000000000000E-002
     rey inflow   =    500.00000000000000     
     nin et nout  =           75         276
  1   0.00000000E+00
  2   0.42842177E-02
  3   0.17143296E-01
  4   0.38596528E-01
  5   0.68676123E-01
  6   0.10742729E+00
  7   0.15490837E+00
  8   0.21119094E+00
  9   0.27636009E+00
 10   0.35051453E+00
 11   0.43376695E+00
 12   0.52624424E+00
 13   0.62808788E+00
 14   0.73945425E+00
 15   0.86051509E+00
 16   0.99145792E+00
 17   0.11324865E+01
 18   0.12838215E+01
 19   0.14457009E+01
 20   0.16183806E+01
 21   0.18021354E+01
 22   0.19972592E+01
 23   0.22040661E+01
 24   0.24228914E+01
 25   0.26540920E+01
 26   0.28980474E+01
 27   0.31551610E+01
 28   0.34258608E+01
 29   0.37106006E+01
 30   0.40098610E+01
 31   0.43241506E+01
 32   0.46540075E+01
 33   0.50000000E+01
 34   0.53627284E+01
 35   0.57428261E+01
 36   0.61409611E+01
 37   0.65578371E+01
 38   0.69941955E+01
 39   0.74508162E+01
 40   0.79285192E+01
 41   0.84281661E+01
 42   0.89506613E+01
 43   0.94969533E+01
 44   0.10068035E+02
 45   0.10664947E+02
 46   0.11288776E+02
 47   0.11940654E+02
 48   0.12621764E+02
 49   0.13333333E+02
 50   0.14076638E+02
 51   0.14852997E+02
 52   0.15663774E+02
 53   0.16510373E+02
 54   0.17394234E+02
 55   0.18316828E+02
 56   0.19279651E+02
 57   0.20284215E+02
 58   0.21332038E+02
 59   0.22424635E+02
 60   0.23563496E+02
 61   0.24750075E+02
 62   0.25985766E+02
 63   0.27271878E+02
 64   0.28609607E+02
 65   0.30000000E+02
 66   0.31443920E+02
 67   0.32941999E+02
 68   0.34494588E+02
 69   0.36101701E+02
 70   0.37762953E+02
 71   0.39477489E+02
 72   0.41243911E+02
 73   0.43060194E+02
 74   0.44923604E+02
 75   0.46830607E+02
 76   0.48776780E+02
 77   0.50756720E+02
 78   0.52763965E+02
 79   0.54790916E+02
 80   0.56828776E+02
 81   0.58867513E+02
 82   0.60895842E+02
 83   0.62901244E+02
 84   0.64870022E+02
 85   0.66787404E+02
 86   0.68637698E+02
 87   0.70404491E+02
 88   0.72070915E+02
 89   0.73619955E+02
 90   0.75034808E+02
 91   0.76299273E+02
 92   0.77398170E+02
 93   0.78317756E+02
 94   0.79046132E+02
 95   0.79573611E+02
 96   0.79893032E+02
 97   0.80000000E+02
 Sommet de la bosse :         125
