  -18799.717652262883        0.0000000000000000     
  -7029.5175575577623        0.0000000000000000     
  -3042.3805918248654        0.0000000000000000     
  -1872.5858650537700        0.0000000000000000     
  -1166.2944807629053        0.0000000000000000     
  -839.68543418703928        0.0000000000000000     
  -600.66665476533694        0.0000000000000000     
  -466.64288788983384        0.0000000000000000     
  -358.68972752108959        0.0000000000000000     
  -291.30652836872747        0.0000000000000000     
  -233.83260182361562        0.0000000000000000     
  -195.44252902801355        0.0000000000000000     
  -161.42874699206072        0.0000000000000000     
  -137.63878098494382        0.0000000000000000     
  -115.97983871635100        0.0000000000000000     
  -100.32830690355844        0.0000000000000000     
  -85.782766969701768        0.0000000000000000     
  -75.018867835783098        0.0000000000000000     
  -64.851260427504528        0.0000000000000000     
  -57.194211366445025        0.0000000000000000     
  -49.863385977579867        0.0000000000000000     
  -44.271026315550095        0.0000000000000000     
  -38.854856339932134        0.0000000000000000     
  -34.684218789409755        0.0000000000000000     
  -30.599098394651204        0.0000000000000000     
  -30.669053469270004        0.0000000000000000     
  -27.440861196716579        0.0000000000000000     
  -24.316774685003974        0.0000000000000000     
  -21.885634133641318        0.0000000000000000     
  -19.462682252043752        0.0000000000000000     
  -17.573120312930875        0.0000000000000000     
  -15.673458982323213        0.0000000000000000     
  -14.191675323751733        0.0000000000000000     
  -12.688520468646644        0.0000000000000000     
  -11.516914174621865        0.0000000000000000     
  -11.813753312910206        0.0000000000000000     
  -10.320604181821526        0.0000000000000000     
  -9.3899057125667955        0.0000000000000000     
  -8.4295596370150747        0.0000000000000000     
  -7.6867455980715862        0.0000000000000000     
  -6.9124666024092880        0.0000000000000000     
  -6.3175684967772936        0.0000000000000000     
  -5.6909083839038113        0.0000000000000000     
  -5.4677889724760274        0.0000000000000000     
  -5.2138000507871229        0.0000000000000000     
  -4.7039505165001634        0.0000000000000000     
  -4.3214840591505954        0.0000000000000000     
  -3.9059399123987810        0.0000000000000000     
  -3.6313078687992375        0.0000000000000000     
  -3.5924136314608783        0.0000000000000000     
  -3.2625887837732548        0.0000000000000000     
  -3.0185416822496234        0.0000000000000000     
  -2.7443750023897775        0.0000000000000000     
  -2.5766136167521170        0.0000000000000000     
  -2.5424919085153173        0.0000000000000000     
  -2.3387888702558772        0.0000000000000000     
  -2.2189459859792118        0.0000000000000000     
  -2.1100678968184781        0.0000000000000000     
  -2.0016365791047286        0.0000000000000000     
  -1.8905136905756905        0.0000000000000000     
  -1.7800319340440354        0.0000000000000000     
  -1.6793647417618531        0.0000000000000000     
  -1.5792418090296905        0.0000000000000000     
  -1.4818356847615777        0.0000000000000000     
  -1.3879959310873506        0.0000000000000000     
  -1.2969287910364191        0.0000000000000000     
  -1.2090273565612453        0.0000000000000000     
  -1.1242131797971977        0.0000000000000000     
  -1.0424756953523737        0.0000000000000000     
 -0.96382873843397332        0.0000000000000000     
 -0.88826432012431411        0.0000000000000000     
 -0.81578446920913639        0.0000000000000000     
 -0.74638883571233061        0.0000000000000000     
 -0.68007742612128153        0.0000000000000000     
 -0.61685027546836102        0.0000000000000000     
 -0.55670737317886410        0.0000000000000000     
 -0.49964872281964995        0.0000000000000000     
 -0.44567432373613802        0.0000000000000000     
 -0.39478417604381710        0.0000000000000000     
 -0.34697827972579309        0.0000000000000000     
 -0.30225663478335857        0.0000000000000000     
 -0.26061924121624319        0.0000000000000000     
 -0.22206609902450489        0.0000000000000000     
 -0.18659720820807155        0.0000000000000000     
 -0.15421256876701536        0.0000000000000000     
 -0.12491218070126338        0.0000000000000000     
  -9.8696044010887579E-002   0.0000000000000000     
  -7.5564158695816522E-002   0.0000000000000000     
  -5.5516524756120504E-002   0.0000000000000000     
  -3.8553142191729145E-002   0.0000000000000000     
  -2.4674011002813835E-002   0.0000000000000000     
   2.5305679772612264E-015   0.0000000000000000     
  -1.5421256874746708E-003   0.0000000000000000     
  -6.1685027513857524E-003   0.0000000000000000     
  -1.3879131188373655E-002   0.0000000000000000     
          92   2.5305679772612264E-015
